           1  0.698490024       1.0388602061502432E-002
           2  0.655589998       1.0328057681691444E-002
           3  0.616729975       9.7823920663576772E-003
           4  0.581579983       9.5938136817837090E-003
           5  0.549820006       9.6382368817749097E-003
           6  0.521099985       8.7454063682809446E-003
           7  0.495139986       8.7959416718208210E-003
           8  0.471619993       8.6377539601792275E-003
           9  0.450390011       8.2196847708450645E-003
          10  0.431169987       8.3184322917621116E-003
          11  0.413769990       7.7369584573900628E-003
          12  0.398009986       7.9325986271993280E-003
          13  0.383729994       7.5436656897724420E-003
          14  0.370799989       7.1603456862117448E-003
          15  0.359109998       6.9717251296233093E-003
          16  0.348560005       7.2218321257534477E-003
          17  0.338979989       6.8703891579467878E-003
          18  0.330339998       6.6251145547937323E-003
          19  0.322539985       6.4767012499834112E-003
          20  0.315519989       6.4336215068644441E-003
          21  0.309190005       6.2423015948845631E-003
          22  0.303490013       6.0418742516581874E-003
          23  0.298350006       5.9878635788017153E-003
          24  0.293709993       5.8200031217742259E-003
          25  0.289519995       5.7453981189820773E-003
          26  0.285759985       5.3474643393489089E-003
          27  0.282370001       5.6719857437307905E-003
          28  0.279350013       5.5014511923720524E-003
          29  0.276630014       5.6193730983066558E-003
          30  0.274150014       5.4502488399323897E-003
          31  0.271899998       5.2791693292486693E-003
          32  0.269879997       5.1366174261457008E-003
          33  0.268040001       5.4071126974993946E-003
          34  0.266369998       5.0027867391224130E-003
          35  0.264869988       5.1923684324065430E-003
          36  0.263500005       5.1033207004995834E-003
          37  0.262239993       4.9014178831981968E-003
          38  0.261110008       4.8634585545384700E-003
          39  0.260100007       4.8560976867025579E-003
          40  0.259200007       4.6720531472001130E-003
          41  0.258379996       4.7184945771958824E-003
          42  0.257609993       4.5460112222381419E-003
          43  0.256909996       4.7406372822003523E-003
          44  0.256300002       4.4637670814809361E-003
          45  0.255719990       4.5723803157882463E-003
          46  0.255210012       4.3719313145780545E-003
          47  0.254729986       4.4676104544127100E-003
          48  0.254280001       4.5428026969183497E-003
          49  0.253879994       4.5685691939679751E-003
          50  0.253490001       4.4102036319700003E-003
          51  0.253120005       4.4193135824072919E-003
          52  0.252779990       4.4855610353701173E-003
          53  0.252460003       4.3200756102171186E-003
          54  0.252180010       4.2909283492641231E-003
          55  0.251929998       4.2598146894682418E-003
          56  0.251709998       4.4140902521782521E-003
          57  0.251509994       4.1904372202766172E-003
          58  0.251329988       4.2376812462650544E-003
          59  0.251150012       4.1096440256434509E-003
          60  0.250990003       4.4642306979374834E-003
          61  0.250840008       3.9642911408016377E-003
          62  0.250719994       4.1434993160982640E-003
          63  0.250609994       4.0614153786941842E-003
          64  0.250499994       4.1423327700340178E-003
          65  0.250400007       4.0299566167722473E-003
          66  0.250279993       4.1511644201880681E-003
          67  0.250169992       4.1867096438662531E-003
          68  0.250079989       4.1700885492443381E-003
          69  0.250019997       4.1485520016073954E-003
          70  0.249990001       4.0399302429849800E-003
          71  0.249950007       4.0583355075282197E-003
          72  0.249909997       4.0531738315712773E-003
          73  0.249880001       4.0027422957943570E-003
          74  0.249850005       3.9031281359688838E-003
          75  0.249789998       4.0473357352370683E-003
          76  0.249760002       3.9991651305045159E-003
          77  0.249709994       3.9558290328085529E-003
          78  0.249660000       4.0144854715333141E-003
          79  0.249640003       4.1048183498041228E-003
          80  0.249620005       4.0312290095171023E-003
          81  0.249599993       4.1022935881418737E-003
          82  0.249589995       4.0545190163532507E-003
          83  0.249579996       3.9476807205520393E-003
          84  0.249599993       3.7947032206919612E-003
          85  0.249610007       4.0608951215601570E-003
          86  0.249640003       4.0391044319726425E-003
          87  0.249650002       3.7717577457180647E-003
          88  0.249620005       4.0515995213437263E-003
          89  0.249589995       3.9790627313036142E-003
          90  0.249559999       3.9455940603814986E-003
          91  0.249559999       3.8151823426723673E-003
          92  0.249550000       3.9913220250395610E-003
          93  0.249550000       4.0072402024633816E-003
          94  0.249550000       3.9597006862994184E-003
          95  0.249550000       3.8825369799629235E-003
          96  0.249520004       3.9863799586468884E-003
          97  0.249489993       4.1019875518256794E-003
          98  0.249449998       3.9788757944646726E-003
          99  0.249439999       4.1446441935849071E-003
         100  0.249449998       3.8558973025121187E-003
         101  0.249439999       3.8163886765666681E-003
         102  0.249400005       4.1154542809611382E-003
         103  0.249380007       3.9641942092381215E-003
         104  0.249359995       4.0237458276294307E-003
         105  0.249329999       4.0023468715201750E-003
         106  0.249259993       3.8384709701284278E-003
         107  0.249160007       4.0662640868050388E-003
         108  0.249039993       3.9470652292908923E-003
         109  0.248889998       3.9792613356830478E-003
         110  0.248750001       3.9013230350348933E-003
         111  0.248590007       4.1371069231581122E-003
         112  0.248420000       3.8829846954732735E-003
         113  0.248280004       3.9244286514241895E-003
         114  0.248150006       3.8475775776121534E-003
         115  0.247999996       4.0424456560043112E-003
         116  0.247869998       4.2021203075383699E-003
         117  0.247749999       3.9464019377059437E-003
         118  0.247620001       4.1169601911706013E-003
         119  0.247480005       3.9765296091433099E-003
         120  0.247360006       3.8855249488694440E-003
         121  0.247270003       3.8823077613942955E-003
         122  0.247209996       3.8635241837408074E-003
         123  0.247170001       3.9249510256617343E-003
         124  0.247199997       4.0241512345367486E-003
         125  0.247219995       3.8063209678329455E-003
         126  0.247260004       3.8939646710674553E-003
         127  0.247329995       3.9393453679309040E-003
         128  0.247419998       4.0435943889580153E-003
         129  0.247520000       3.9234893220132143E-003
         130  0.247610003       3.9178282196770317E-003
         131  0.247710004       4.0456574822489441E-003
         132  0.247860000       3.8257882676617483E-003
         133  0.247979999       4.0816800274055421E-003
         134  0.248099998       4.0379087738602829E-003
         135  0.248199999       4.0543858676120341E-003
         136  0.248380005       4.0820982742669600E-003
         137  0.248549998       3.9794515443836113E-003
         138  0.248679996       3.9442129428778087E-003
         139  0.248799995       3.9769874665868529E-003
         140  0.248860002       4.0190832252643138E-003
         141  0.248940006       4.0078373336462671E-003
         142  0.248980001       4.1576786461839698E-003
         143  0.249019995       4.0923302500434737E-003
         144  0.249029994       3.9738086290602272E-003
         145  0.249060005       4.0766432070548919E-003
         146  0.249080002       4.0280594923392376E-003
         147  0.249060005       4.0411891733514727E-003
         148  0.249060005       4.1697681453849505E-003
         149  0.249039993       3.9243509028424510E-003
         150  0.248999998       3.9867754942892871E-003
         151  0.248940006       4.1338948538053501E-003
         152  0.248860002       3.9992758587585314E-003
         153  0.248779997       4.0749405091067550E-003
         154  0.248720005       4.2102648620105793E-003
         155  0.248640001       3.9993318478457026E-003
         156  0.248539999       4.0758298561745458E-003
         157  0.248400003       3.9996602352089612E-003
         158  0.248270005       4.0425827386104726E-003
         159  0.248140007       4.1624231755286291E-003
         160  0.247970000       3.8859426126804757E-003
         161  0.247799993       3.8264659759456826E-003
         162  0.247690007       3.9448444010084802E-003
         163  0.247590005       3.9266721627900410E-003
         164  0.247490004       4.1075078519223710E-003
         165  0.247439995       4.0213742458102388E-003
         166  0.247390002       3.8692634656192731E-003
         167  0.247350007       3.8732836435672931E-003
         168  0.247339994       3.9130901885351217E-003
         169  0.247380003       4.1621678282912035E-003
         170  0.247429997       4.0262617794768855E-003
         171  0.247480005       4.0380740337889369E-003
         172  0.247520000       3.9666046306389147E-003
         173  0.247569993       3.9517759870434446E-003
         174  0.247610003       3.9202687487070644E-003
         175  0.247590005       3.8504511852697353E-003
         176  0.247610003       3.9552491824123822E-003
         177  0.247669995       3.9627370331199105E-003
         178  0.247690007       4.0357383069077020E-003
         179  0.247669995       3.9437234943829258E-003
         180  0.247679994       4.0538723434433328E-003
         181  0.247679994       4.1087480541975351E-003
         182  0.247710004       3.8955641725881246E-003
         183  0.247740000       3.8749112635086177E-003
         184  0.247759998       3.9621067440220505E-003
         185  0.247789994       3.8893863644287431E-003
         186  0.247830003       3.8616816144526720E-003
         187  0.247860000       3.9039728849744313E-003
         188  0.247899994       3.9144287474941249E-003
         189  0.247920007       3.8351465680495304E-003
         190  0.247960001       3.9880069620044601E-003
         191  0.247979999       4.0212259948090162E-003
         192  0.248009995       3.9340962798497187E-003
         193  0.248050004       4.0560752331900542E-003
         194  0.248099998       3.9018974199713221E-003
         195  0.248170003       3.7856618342230661E-003
         196  0.248280004       3.9535292983004398E-003
         197  0.248380005       4.0134488879841300E-003
         198  0.248510003       3.9826676775712253E-003
         199  0.248620003       3.9566660011680797E-003
         200  0.248740003       3.8029360964587583E-003
