           1  0.605710030       4.3309175900509561E-003
           2  0.504660010       3.9320176349276108E-003
           3  0.432040006       3.4651185601990348E-003
           4  0.379940003       3.0677132955259779E-003
           5  0.342500001       2.9210478268148960E-003
           6  0.315829992       2.6559043536998096E-003
           7  0.296609998       2.5282671631598297E-003
           8  0.282720000       2.3784615251556881E-003
           9  0.272870004       2.1209847474271157E-003
          10  0.265799999       2.1064380297245735E-003
          11  0.260679990       2.0117887734994043E-003
          12  0.256969988       1.9514514974320041E-003
          13  0.254489988       1.8915656588013290E-003
          14  0.252669990       1.7887953169485927E-003
          15  0.251410007       1.8136475588764636E-003
          16  0.250459999       1.7204260158313364E-003
          17  0.249740005       1.8670197560611737E-003
          18  0.249210000       1.6926324300932793E-003
          19  0.249009997       1.7134859519788467E-003
          20  0.248860002       1.6869481687789014E-003
          21  0.248830006       1.7225323256767021E-003
          22  0.248820007       1.6924918833875961E-003
          23  0.248799995       1.6388692299574904E-003
          24  0.248809993       1.6986220984608520E-003
          25  0.248789996       1.7444816162272595E-003
          26  0.248909995       1.6267267199876173E-003
          27  0.248860002       1.6749994614999925E-003
          28  0.248820007       1.6681784432048981E-003
          29  0.248919994       1.6491484492325468E-003
          30  0.248940006       1.6650670696420212E-003
          31  0.248980001       1.6947387619982563E-003
          32  0.248930007       1.7398551976359744E-003
          33  0.248789996       1.7266444432203598E-003
          34  0.248610005       1.7639225634907465E-003
          35  0.248520002       1.6817088511961332E-003
          36  0.248300001       1.7304383028391944E-003
          37  0.248260006       1.7205247778180738E-003
          38  0.248180002       1.6584000001324782E-003
          39  0.248270005       1.7087214096476141E-003
          40  0.248329997       1.6793658728793352E-003
          41  0.248620003       1.7310644933554056E-003
          42  0.248860002       1.7356624005055920E-003
          43  0.249200001       1.7811397587068289E-003
          44  0.249259993       1.7306208601474368E-003
          45  0.249290004       1.7087327100762805E-003
          46  0.249290004       1.8126252250294053E-003
          47  0.249310002       1.7273364079164976E-003
          48  0.249160007       1.7478223788400652E-003
          49  0.249160007       1.7859723051843357E-003
          50  0.249109998       1.6688715343764183E-003
          51  0.248899996       1.7229589532985045E-003
          52  0.248789996       1.7240607251023162E-003
          53  0.248649999       1.6831215313691885E-003
          54  0.248740003       1.6701174454138174E-003
          55  0.248830006       1.6752328616001315E-003
          56  0.248940006       1.6480192824178072E-003
          57  0.249029994       1.6566475635726122E-003
          58  0.249029994       1.7042246432352232E-003
          59  0.248940006       1.6723942484291093E-003
          60  0.248740003       1.7317920892290673E-003
