           1  0.706390023       1.0014866036093358E-002
           2  0.659200013       1.0053264214052332E-002
           3  0.616980016       9.5117245539874575E-003
           4  0.579150021       9.4317348007491725E-003
           5  0.545310020       8.9557904962000411E-003
           6  0.514999986       8.7196069867775932E-003
           7  0.487910002       8.6765165727022021E-003
           8  0.463660002       8.1587660577142236E-003
           9  0.441940010       7.4621481999650949E-003
          10  0.422459990       7.6605725279213751E-003
          11  0.405010015       7.4181862679572486E-003
          12  0.389400005       7.3067159888476783E-003
          13  0.375369996       6.9432566747373555E-003
          14  0.362809986       6.8170760131322445E-003
          15  0.351570010       6.6261441533169646E-003
          16  0.341500014       6.7466374451993537E-003
          17  0.332489997       6.3432385172885672E-003
          18  0.324389994       6.0606157439011907E-003
          19  0.317119986       6.0182000642677773E-003
          20  0.310570002       5.7474159863046522E-003
          21  0.304659992       5.7931173174478757E-003
          22  0.299369991       5.5744459586847565E-003
          23  0.294640005       5.6400301178064884E-003
          24  0.290399998       5.2058051131443914E-003
          25  0.286579996       5.1423208100620189E-003
          26  0.283149987       4.7150362135174942E-003
          27  0.280030012       4.8894541714777310E-003
          28  0.277220011       4.9417244664711688E-003
          29  0.274690002       4.8646164041791463E-003
          30  0.272390008       4.5656870540158496E-003
          31  0.270300001       4.5777984425805392E-003
          32  0.268420011       4.4715787297281871E-003
          33  0.266719997       4.3631747726035194E-003
          34  0.265170008       4.1787399710764240E-003
          35  0.263760000       4.2514837435260189E-003
          36  0.262499988       4.1192516352101735E-003
          37  0.261299998       4.0900231134392189E-003
          38  0.260210007       4.1286090800630795E-003
          39  0.259220004       4.0581809286816097E-003
          40  0.258300006       3.7520721200696668E-003
          41  0.257470012       3.9003169494868386E-003
          42  0.256680012       4.0346432771363981E-003
          43  0.255950004       3.7896565089869244E-003
          44  0.255309999       3.5998888043025463E-003
          45  0.254720002       3.8571674162604717E-003
          46  0.254180014       3.6502307358539871E-003
          47  0.253699988       3.6861249730326590E-003
          48  0.253309995       3.6629530833591217E-003
          49  0.252990007       3.5805241842522895E-003
          50  0.252739996       3.5692071870398320E-003
          51  0.252510011       3.4970222560145548E-003
          52  0.252319992       3.4826889079054460E-003
          53  0.252180010       3.5442277059268782E-003
          54  0.252039999       3.4388610231174581E-003
          55  0.251940012       3.3984824645017326E-003
          56  0.251839995       3.4311810659609756E-003
          57  0.251760006       3.4320927104242002E-003
          58  0.251700014       3.4333434704585737E-003
          59  0.251650006       3.2573310671927267E-003
          60  0.251599997       3.3753285588121896E-003
          61  0.251590014       3.2942163976622204E-003
          62  0.251590014       3.3901309579881769E-003
          63  0.251619995       3.3578549725437517E-003
          64  0.251690000       3.3300147419747139E-003
          65  0.251780003       3.4681671220861700E-003
          66  0.251879990       3.4048560195597552E-003
          67  0.252000004       3.5329755920468046E-003
          68  0.252139986       3.2804669334747061E-003
          69  0.252249986       3.4455893635691056E-003
          70  0.252370000       3.4661039514616698E-003
          71  0.252460003       3.4318955829613115E-003
          72  0.252559990       3.5175223234817916E-003
          73  0.252669990       3.3893111820975613E-003
          74  0.252739996       3.5397155784369096E-003
          75  0.252810001       3.4968073298018544E-003
          76  0.252869993       3.5745388452257730E-003
          77  0.252970010       3.4779816002668451E-003
          78  0.253080010       3.6481984296908767E-003
          79  0.253210008       3.5997138177774469E-003
          80  0.253320009       3.5532608371315580E-003
          81  0.253419995       3.4810991312030008E-003
          82  0.253529996       3.6409600164957639E-003
          83  0.253639996       3.5912202893088776E-003
          84  0.253729999       3.4330981137879243E-003
          85  0.253850013       3.5068698382199888E-003
          86  0.254020005       3.4528753316774500E-003
          87  0.254180014       3.5391113836124315E-003
          88  0.254409999       3.5418189625515614E-003
          89  0.254599988       3.5603828411482586E-003
          90  0.254810005       3.6301479953278581E-003
          91  0.254979998       3.6521476846133314E-003
          92  0.255140007       3.4834488057789090E-003
          93  0.255320013       3.5962648696350281E-003
          94  0.255490005       3.6747681127024521E-003
          95  0.255659997       3.6094103330189132E-003
          96  0.255780011       3.5731960003883012E-003
          97  0.255820006       3.5462930106825870E-003
          98  0.255860001       3.5486562779481630E-003
          99  0.255870014       3.6804526328012136E-003
         100  0.255849987       3.5265214179334178E-003
         101  0.255829990       3.6168200767398460E-003
         102  0.255800009       3.6719971101271355E-003
         103  0.255760014       3.5595380648195023E-003
         104  0.255690008       3.5687694467220494E-003
         105  0.255640000       3.3831444483094814E-003
         106  0.255580008       3.5933532997725229E-003
         107  0.255450010       3.5354589663122646E-003
         108  0.255309999       3.4485297637369197E-003
         109  0.255129993       3.3805545463251674E-003
         110  0.254929990       3.4867190874397248E-003
         111  0.254709989       3.4322090967236810E-003
         112  0.254519999       3.2957598440730858E-003
         113  0.254350007       3.4128893440176014E-003
         114  0.254189998       3.4305363324451180E-003
         115  0.254020005       3.6358556613734667E-003
         116  0.253820002       3.4886786938247852E-003
         117  0.253630012       3.5928715109469675E-003
         118  0.253470004       3.4512335661910829E-003
         119  0.253300011       3.4260528922727832E-003
         120  0.253120005       3.4320344780547876E-003
         121  0.252979994       3.5273452194897648E-003
         122  0.252819985       3.5118818726448779E-003
         123  0.252730012       3.5019720942677432E-003
         124  0.252629995       3.4832547913080012E-003
         125  0.252550006       3.4100742138870798E-003
         126  0.252480000       3.5257344323251058E-003
         127  0.252460003       3.2864225531974186E-003
         128  0.252469987       3.4901234943088616E-003
         129  0.252469987       3.4665662608932466E-003
         130  0.252490014       3.4077101540036427E-003
         131  0.252530009       3.3638724703238710E-003
         132  0.252590001       3.4750874497287204E-003
         133  0.252669990       3.3417660885109940E-003
         134  0.252750009       3.3107317523587646E-003
         135  0.252810001       3.3722969466466902E-003
         136  0.252829999       3.4710353304701603E-003
         137  0.252849996       3.3588451705906588E-003
         138  0.252829999       3.3875210866275100E-003
         139  0.252869993       3.3604968829452227E-003
         140  0.252880007       3.3594563407835479E-003
         141  0.252939999       3.3306661246132368E-003
         142  0.252950013       3.3191525943027439E-003
         143  0.252939999       3.4098522596805367E-003
         144  0.252889991       3.3687379852607832E-003
         145  0.252860010       3.4779481662410008E-003
         146  0.252799988       3.3856411620594483E-003
         147  0.252710015       3.3500528517305976E-003
         148  0.252640009       3.3219677297522806E-003
         149  0.252579987       3.3993448927640696E-003
         150  0.252539992       3.5066506376178943E-003
         151  0.252530009       3.3544299341099386E-003
         152  0.252490014       3.4304131905351309E-003
         153  0.252460003       3.4306013659634559E-003
         154  0.252420008       3.3199629185713597E-003
         155  0.252359986       3.3070145832961848E-003
         156  0.252330005       3.3891399080386232E-003
         157  0.252279997       3.2537618277759467E-003
         158  0.252249986       3.3502642884204472E-003
         159  0.252229989       3.3571592762420099E-003
         160  0.252169997       3.3507023657175527E-003
         161  0.252149999       3.2673386788050524E-003
         162  0.252160013       3.3867556221599355E-003
         163  0.252180010       3.1938284356317435E-003
         164  0.252169997       3.3792731869887070E-003
         165  0.252169997       3.3827648486325253E-003
         166  0.252180010       3.3545778832790073E-003
         167  0.252189994       3.2635319877152031E-003
         168  0.252209991       3.1635553201904004E-003
         169  0.252200007       3.4699777027334352E-003
         170  0.252240002       3.4468072386712439E-003
         171  0.252279997       3.2889063609226341E-003
         172  0.252339989       3.3980086397810520E-003
         173  0.252409995       3.2293810203970104E-003
         174  0.252460003       3.3303841688808434E-003
         175  0.252480000       3.3361614707677146E-003
         176  0.252530009       3.3906012123438465E-003
         177  0.252570003       3.4057709348542030E-003
         178  0.252609998       3.4031368238610200E-003
         179  0.252629995       3.4448682824728531E-003
         180  0.252669990       3.4567284272968533E-003
