           1  0.632870018       5.1948827812779578E-003
           2  0.547739983       4.6331618569415249E-003
           3  0.481400013       4.3572125953914628E-003
           4  0.429699987       4.0927080682477126E-003
           5  0.389420003       3.8471253845096605E-003
           6  0.358049989       3.5224693524815022E-003
           7  0.333640009       3.1997850214518534E-003
           8  0.314570010       2.9910005885573740E-003
           9  0.299690008       3.0010349205087071E-003
          10  0.288060009       2.8319980004873849E-003
          11  0.279020011       2.5472902669222237E-003
          12  0.271990001       2.6352578858436530E-003
          13  0.266510010       2.4445644862698497E-003
          14  0.262219995       2.3342573340879133E-003
          15  0.258760005       2.3355171696651457E-003
          16  0.255980015       2.2531043640445312E-003
          17  0.253859997       2.1626716060500250E-003
          18  0.252260000       2.1314125786539725E-003
          19  0.251040012       2.1037449839798918E-003
          20  0.250189990       2.1328295224923373E-003
          21  0.249530002       2.0209579727799775E-003
          22  0.248960003       2.0905633825562832E-003
          23  0.248520002       2.0259228983502595E-003
          24  0.248260006       2.0276629215725053E-003
          25  0.248030007       2.0006945531650011E-003
          26  0.247960001       2.0486876375039064E-003
          27  0.247899994       2.0163041347223049E-003
          28  0.247950003       2.0016210214002308E-003
          29  0.247920007       1.9506418063403870E-003
          30  0.247989997       1.9649146635662127E-003
          31  0.247989997       2.0259542225911802E-003
          32  0.247960001       1.9676688210521348E-003
          33  0.247989997       2.0718386456233381E-003
          34  0.247920007       2.0241722832251194E-003
          35  0.247920007       1.9083538211908683E-003
          36  0.247860000       2.0259958743704862E-003
          37  0.247810006       2.0493899296145234E-003
          38  0.247860000       1.8898899863533586E-003
          39  0.247860000       1.9606324644576034E-003
          40  0.247820005       2.0509494295656949E-003
          41  0.247639999       1.9922481581190247E-003
          42  0.247439995       1.9624961739759541E-003
          43  0.247250006       2.0143776311191235E-003
          44  0.247070000       1.9484437225648691E-003
          45  0.246969998       2.0014559509620796E-003
          46  0.246820003       2.0480676884168506E-003
          47  0.246739998       1.9814183287675592E-003
          48  0.246700004       1.9917848219138607E-003
          49  0.246659994       1.9988142496780831E-003
          50  0.246560007       1.9228393501301091E-003
          51  0.246600002       1.9486291273259123E-003
          52  0.246570006       1.9281148593517374E-003
          53  0.246649995       1.9481111892174505E-003
          54  0.246749997       1.9598066453637786E-003
          55  0.246810004       1.9705945238502735E-003
          56  0.246810004       1.9663450659997174E-003
          57  0.246849999       1.9461254524491679E-003
          58  0.246849999       2.0380272985698893E-003
          59  0.246739998       1.9809865015889736E-003
          60  0.246590003       1.9726055565492586E-003
          61  0.246490002       1.9865913256236932E-003
          62  0.246340007       2.0247354076272069E-003
          63  0.246169999       1.9968980026615572E-003
          64  0.246040002       1.9812464067131175E-003
          65  0.245890006       2.0087278753591468E-003
          66  0.245839998       1.9622745767884542E-003
          67  0.245910004       1.9051503104251960E-003
          68  0.245790005       2.0365722850952074E-003
          69  0.245670006       1.9579268360527093E-003
          70  0.245629996       1.9548414776413554E-003
          71  0.245519996       1.9702219257423156E-003
          72  0.245539993       1.8928054688049246E-003
          73  0.245680004       1.8667670703936454E-003
          74  0.245930001       1.9042748471485911E-003
          75  0.246160001       1.8067164258793347E-003
          76  0.246390000       1.9475552231220915E-003
          77  0.246639997       1.9436568643746515E-003
          78  0.246840000       1.8963663493833020E-003
          79  0.246969998       1.9686244995488753E-003
          80  0.247070000       1.9414401656667978E-003
