           1  0.256949991       1.0064518351922825E-003
           2  0.207949996       7.3136496181916226E-004
           3  0.201120004       6.7093340989143944E-004
           4  0.200080007       6.6955499267531266E-004
           5  0.199900001       6.7777720625998854E-004
           6  0.199970007       7.0996746771164268E-004
           7  0.199320003       6.7483871918942555E-004
           8  0.199609995       6.9201274205603640E-004
           9  0.199460000       7.0686600812166470E-004
          10  0.198780000       6.9353334132247232E-004
