           1  0.697669983       8.7669076835645184E-003
           2  0.648320019       8.7248983444432136E-003
           3  0.604420006       8.4643938084696703E-003
           4  0.565370023       8.1339204934031788E-003
           5  0.530640006       7.7303873759363836E-003
           6  0.499760002       7.6550926585360049E-003
           7  0.472229987       7.3671909046197333E-003
           8  0.447759986       6.8109769054830573E-003
           9  0.426019996       6.6473015353354795E-003
          10  0.406709999       6.3702326490138635E-003
          11  0.389490008       6.3286121421047862E-003
          12  0.374170005       6.1648156828750479E-003
          13  0.360540003       6.0126605223461286E-003
          14  0.348379999       5.6982445111293679E-003
          15  0.337550014       5.4885949798343537E-003
          16  0.327969998       5.5381067157678314E-003
          17  0.319379985       5.4185690502653620E-003
          18  0.311740011       5.0306331866724072E-003
          19  0.304919988       4.9495166471394654E-003
          20  0.298850000       4.7888200121921441E-003
          21  0.293480009       4.4963734897088868E-003
          22  0.288700014       4.7234163010867695E-003
          23  0.284449995       4.5753220173996847E-003
          24  0.280680001       4.3673266629751673E-003
          25  0.277319998       4.4563585638605794E-003
          26  0.274349988       4.2298301733742624E-003
          27  0.271690011       4.2503370821262432E-003
          28  0.269329995       4.2079446213614024E-003
          29  0.267259985       3.9816045401508482E-003
          30  0.265430003       3.8583313466790301E-003
          31  0.263770014       3.8120266503861825E-003
          32  0.262309998       4.0990281889678589E-003
          33  0.260980010       3.9588440692884981E-003
          34  0.259820014       3.5615906569611486E-003
          35  0.258769989       3.8043042275241637E-003
          36  0.257829994       3.7360717715258841E-003
          37  0.256999999       3.8009456393365134E-003
          38  0.256249994       3.6837491100422900E-003
          39  0.255580008       3.6847584330995170E-003
          40  0.254990011       3.5239542419483998E-003
          41  0.254440010       3.4941192884582269E-003
          42  0.253960013       3.5729312131401940E-003
          43  0.253540009       3.5095108580922613E-003
          44  0.253210008       3.4165483711911149E-003
          45  0.252929986       3.5189117326257647E-003
          46  0.252680004       3.3966190872995847E-003
          47  0.252440006       3.3906191343109596E-003
          48  0.252209991       3.4996435710428586E-003
          49  0.252020001       3.3562592309807166E-003
          50  0.251839995       3.3479244632130976E-003
          51  0.251639992       3.4421645223844609E-003
          52  0.251470000       3.2441954265797169E-003
          53  0.251309991       3.4595671891961004E-003
          54  0.251179993       3.4970788260491282E-003
          55  0.251010001       3.3036476405988277E-003
          56  0.250849992       3.3329025243941726E-003
          57  0.250739992       3.3222343931671298E-003
          58  0.250609994       3.3648135474829018E-003
          59  0.250470012       3.2227181350062252E-003
          60  0.250340015       3.2734451329821182E-003
          61  0.250220001       3.3300410386487567E-003
          62  0.250110000       3.2645156176175261E-003
          63  0.250000000       3.1421746330307873E-003
          64  0.249899998       3.3818872247764688E-003
          65  0.249809995       3.3809680042006479E-003
          66  0.249740005       3.2699251554732358E-003
          67  0.249650002       3.2657368423817537E-003
          68  0.249640003       3.3064976733759074E-003
          69  0.249620005       3.2645816248332927E-003
          70  0.249630004       3.3414403131596816E-003
          71  0.249630004       3.2726241402369631E-003
          72  0.249650002       3.1277231860432210E-003
          73  0.249669999       3.2978789703566351E-003
          74  0.249669999       3.1412023497003226E-003
          75  0.249620005       3.1098649081929596E-003
          76  0.249620005       3.1744226187183358E-003
          77  0.249640003       3.2473105204341747E-003
          78  0.249669999       3.1908514915098439E-003
          79  0.249689996       3.2682669481839512E-003
          80  0.249699995       3.2665781523019198E-003
          81  0.249740005       3.3117907850177103E-003
          82  0.249770001       3.3539547126005976E-003
          83  0.249779999       3.2263798285196727E-003
          84  0.249770001       3.3542004530307790E-003
          85  0.249740005       3.2814683366464356E-003
          86  0.249689996       3.2616812360858538E-003
          87  0.249740005       3.1311461722961548E-003
          88  0.249789998       3.2574287698463487E-003
          89  0.249850005       3.3270420063526945E-003
          90  0.249960005       3.2867488486680633E-003
          91  0.250050008       3.3262734343927152E-003
          92  0.250140011       3.3248662032215348E-003
          93  0.250209987       3.3203979761090947E-003
          94  0.250270009       3.3318267199922320E-003
          95  0.250330001       3.3587931053679423E-003
          96  0.250349998       3.3152608379090347E-003
          97  0.250349998       3.1918337926565049E-003
          98  0.250380009       3.3973048076868786E-003
          99  0.250409991       3.3793717574743263E-003
         100  0.250420004       3.2533900398596001E-003
         101  0.250420004       3.3175118882029478E-003
         102  0.250400007       3.3009345446037178E-003
         103  0.250409991       3.3425218773685131E-003
         104  0.250429988       3.2426025137048463E-003
         105  0.250440001       3.3233291278157357E-003
         106  0.250470012       3.2435612604452936E-003
         107  0.250499994       3.3418702650322351E-003
         108  0.250510007       3.3070081409789145E-003
         109  0.250510007       3.2447370410156736E-003
         110  0.250490010       3.3110912312604886E-003
         111  0.250440001       3.3602520031860879E-003
         112  0.250360012       3.3029973305924417E-003
         113  0.250250012       3.3259211063467872E-003
         114  0.250079989       3.4363284377730103E-003
         115  0.249950007       3.3198967255985592E-003
         116  0.249809995       3.3432925809808701E-003
         117  0.249679998       3.3171106303063725E-003
         118  0.249550000       3.3103644591846366E-003
         119  0.249459997       3.2206405061886052E-003
         120  0.249369994       3.2302677492790839E-003
         121  0.249270007       3.3862244958332063E-003
         122  0.249149993       3.3670755086429795E-003
         123  0.249039993       3.1829573174942003E-003
         124  0.248919994       3.3850450773876646E-003
         125  0.248769999       3.1883353048516626E-003
         126  0.248610005       3.2474164180484586E-003
         127  0.248469993       3.1546201651291585E-003
         128  0.248290002       3.1968581602513646E-003
         129  0.248089999       3.1308640725497658E-003
         130  0.247899994       3.2900920221498858E-003
         131  0.247679994       3.2717944149191782E-003
         132  0.247470006       3.1803780707902541E-003
         133  0.247270003       3.1205803637178189E-003
         134  0.247119993       3.1297178417059581E-003
         135  0.246950001       3.2836943738492525E-003
         136  0.246800005       3.3354749247754504E-003
         137  0.246690005       3.1321897662417845E-003
         138  0.246590003       3.2129371821887037E-003
         139  0.246470004       3.2363282442281565E-003
         140  0.246350005       3.2572856866439409E-003
         141  0.246270001       3.1635772762083291E-003
         142  0.246179998       3.2484080289011271E-003
         143  0.246140003       3.2068022996177424E-003
         144  0.246130005       3.1530430969708137E-003
         145  0.246130005       3.0970893096464711E-003
         146  0.246169999       3.1334450630495403E-003
         147  0.246140003       3.2622465847781186E-003
         148  0.246130005       3.1473697689531079E-003
         149  0.246169999       2.9840430979417016E-003
         150  0.246209994       3.2383402347415159E-003
         151  0.246280000       3.1910387646771230E-003
         152  0.246350005       3.1988966618319847E-003
         153  0.246470004       3.1450220409638074E-003
         154  0.246580005       3.1631162887624481E-003
         155  0.246700004       3.0770192556810474E-003
         156  0.246859998       3.1336139985492458E-003
         157  0.247050002       3.1410084795764639E-003
         158  0.247270003       3.0488970056333827E-003
         159  0.247480005       3.0581093152118122E-003
         160  0.247690007       3.3159651889669507E-003
         161  0.247940004       3.1127278196074384E-003
         162  0.248190001       3.1033786374211943E-003
         163  0.248420000       3.1685908369342170E-003
         164  0.248659998       3.1433955575381474E-003
         165  0.248899996       3.0744949409275729E-003
         166  0.249080002       3.1991239797486359E-003
         167  0.249270007       3.2467050946779325E-003
         168  0.249410003       3.2911323510404363E-003
         169  0.249540001       3.1991927289725815E-003
         170  0.249660000       3.1719530216078816E-003
