           1  0.615920007       4.6612738167912948E-003
           2  0.523739994       4.2050678997553308E-003
           3  0.454609990       3.8771184297216638E-003
           4  0.402599990       3.6061365214754759E-003
           5  0.363609999       3.4780545615122108E-003
           6  0.334329993       3.0582236202767385E-003
           7  0.312269986       2.8922779429525914E-003
           8  0.295760006       2.6635172368204051E-003
           9  0.283369988       2.6652918015574903E-003
          10  0.274080008       2.3467037747851157E-003
          11  0.267100006       2.3408598329495716E-003
          12  0.261909992       2.2525324415290124E-003
          13  0.258060008       2.1463247527599982E-003
          14  0.255180001       2.1447091438600487E-003
          15  0.253069997       1.9935208624296858E-003
          16  0.251540005       1.9106235939838703E-003
          17  0.250310004       1.9143826062514313E-003
          18  0.249489993       1.9131639271267121E-003
          19  0.248789996       1.8792375301003035E-003
          20  0.248129994       1.9197017157787427E-003
          21  0.247600004       1.9201045658276679E-003
          22  0.247070000       1.8165089473055791E-003
          23  0.246779993       1.8099901860404305E-003
          24  0.246639997       1.8667287985155265E-003
          25  0.246549994       1.8843010171864030E-003
          26  0.246490002       1.8675816448205859E-003
          27  0.246549994       1.8189976613003354E-003
          28  0.246570006       1.8493888410733767E-003
          29  0.246560007       1.8134686226741492E-003
          30  0.246509999       1.8044611509341927E-003
          31  0.246470004       1.8215869101885086E-003
          32  0.246399999       1.8068938876776085E-003
          33  0.246309996       1.8719120285756515E-003
          34  0.246260002       1.8736416175778945E-003
          35  0.246179998       1.8379478029210445E-003
          36  0.246150002       1.8249142113795059E-003
          37  0.246089995       1.8196817917671166E-003
          38  0.246030003       1.8688435821562648E-003
          39  0.245959997       1.9076021623863561E-003
          40  0.245940000       1.8182476914022560E-003
          41  0.245900005       1.8203132066867997E-003
          42  0.245859995       1.8892773614598722E-003
          43  0.245719999       1.8445505949822023E-003
          44  0.245660007       1.8684494973311041E-003
          45  0.245739996       1.8956826148805756E-003
          46  0.245900005       1.8451461677157863E-003
          47  0.245900005       1.8773251218864614E-003
          48  0.245969996       1.8399864742056451E-003
          49  0.245979995       1.8478127491974943E-003
          50  0.245920002       1.8561107960649984E-003
          51  0.245940000       1.8530489488828553E-003
          52  0.245920002       1.7783899082551755E-003
          53  0.245910004       1.8842282026166521E-003
          54  0.246069998       1.8960772078334585E-003
          55  0.246189997       1.8395777669602805E-003
          56  0.246299997       1.7330048974123283E-003
          57  0.246289998       1.8219878154028791E-003
          58  0.246299997       1.7823802715358182E-003
          59  0.246219993       1.7650896922434926E-003
          60  0.246089995       1.8545113506924676E-003
          61  0.245940000       1.8017019334926789E-003
          62  0.245810002       1.7790167870183615E-003
          63  0.245690003       1.7759026886798519E-003
          64  0.245570004       1.8052290453331860E-003
          65  0.245429993       1.7972635444904632E-003
          66  0.245399997       1.7927885723081271E-003
          67  0.245399997       1.7870153560854017E-003
          68  0.245370001       1.7219615864329709E-003
          69  0.245269999       1.7933729279707440E-003
          70  0.245260000       1.7430854703503129E-003
