           1  0.576250017       3.5198798078801678E-003
           2  0.467090011       3.1726113037405957E-003
           3  0.393790007       2.7840072820087295E-003
           4  0.344749987       2.5545250066621259E-003
           5  0.311980009       2.3158648860533973E-003
           6  0.290019989       2.1234718482805778E-003
           7  0.275350004       1.9744103555444899E-003
           8  0.265469998       1.7986208549860216E-003
           9  0.258800000       1.7410103383225821E-003
          10  0.254440010       1.6343838662149438E-003
          11  0.251580000       1.6179183127678174E-003
          12  0.249779999       1.5600329071660587E-003
          13  0.248520002       1.4887857718496773E-003
          14  0.247749999       1.5351005992536506E-003
          15  0.247199997       1.4955442904892547E-003
          16  0.246769994       1.4815991465489131E-003
          17  0.246480003       1.5218522429549142E-003
          18  0.246350005       1.5075988386770971E-003
          19  0.246150002       1.4995218198943557E-003
          20  0.246030003       1.4804424945531866E-003
          21  0.245890006       1.4139766506910548E-003
          22  0.245879993       1.4313541852598651E-003
          23  0.245800003       1.3833953954446524E-003
          24  0.245800003       1.4383156635434909E-003
          25  0.245759994       1.4418746861476729E-003
          26  0.245770007       1.4607777091367432E-003
          27  0.245759994       1.3734380346579109E-003
          28  0.245690003       1.4389002846629353E-003
          29  0.245670006       1.3545785199659188E-003
          30  0.245690003       1.3917703073735579E-003
          31  0.245770007       1.4383677865575919E-003
          32  0.245719999       1.3994764087273174E-003
          33  0.245600000       1.4544783767555507E-003
          34  0.245429993       1.4448822831076931E-003
          35  0.245360002       1.3968204716821172E-003
          36  0.245360002       1.4125911317702669E-003
          37  0.245379999       1.3973243575925130E-003
          38  0.245509997       1.4491484087644068E-003
          39  0.245660007       1.4615358953712237E-003
          40  0.245680004       1.4691508149348418E-003
          41  0.245759994       1.4555426541208740E-003
          42  0.245780006       1.4104284541193609E-003
          43  0.245790005       1.4813087951391015E-003
          44  0.245839998       1.4681625490364659E-003
          45  0.246020004       1.4932475958448967E-003
          46  0.246099994       1.4422745726563890E-003
          47  0.246099994       1.4537128591260130E-003
          48  0.245930001       1.4653775190052417E-003
          49  0.245739996       1.4228288270621567E-003
          50  0.245639995       1.3853095881004617E-003
