           1  0.674719989       7.3154901229033550E-003
           2  0.617670000       7.1429644347824010E-003
           3  0.568250000       7.0034736488254158E-003
           4  0.525489986       6.5357175535741300E-003
           5  0.488420010       6.0358728192804511E-003
           6  0.456369996       6.2057379414659272E-003
           7  0.428590000       5.9470548367929364E-003
           8  0.404520005       5.7391048727076874E-003
           9  0.383679986       5.2683585161055297E-003
          10  0.365630001       5.0191453303451497E-003
          11  0.350039989       4.9299487378755558E-003
          12  0.336540014       4.7102502044349161E-003
          13  0.324869990       4.7846220634442573E-003
          14  0.314749986       4.3732916403434611E-003
          15  0.305979997       4.4081730484103890E-003
          16  0.298359990       3.9811080425415958E-003
          17  0.291740000       4.0747102888478333E-003
          18  0.285990000       3.8371211007426488E-003
          19  0.280970007       3.8891989968017852E-003
          20  0.276630014       3.6476285072404606E-003
          21  0.272870004       3.6079528611700426E-003
          22  0.269679993       3.6180719306291983E-003
          23  0.266909987       3.3787456404542719E-003
          24  0.264490008       3.3717355590330957E-003
          25  0.262450010       3.3881465028929988E-003
          26  0.260659993       3.3725599729817887E-003
          27  0.259110004       3.2230269179934624E-003
          28  0.257750005       3.2140243018125309E-003
          29  0.256599993       3.1150459811564576E-003
          30  0.255560011       3.1118085728215031E-003
          31  0.254660010       3.0978564469343133E-003
          32  0.253839999       3.0575597802050707E-003
          33  0.253089994       2.9908743023012246E-003
          34  0.252389997       3.0593556393245375E-003
          35  0.251720011       3.0385849357584100E-003
          36  0.251170009       3.1033125122599072E-003
          37  0.250629991       2.8531288748466143E-003
          38  0.250129998       3.0296574206799052E-003
          39  0.249720007       3.0315929893041699E-003
          40  0.249369994       2.9383366689329075E-003
          41  0.249050006       2.9051425516245424E-003
          42  0.248730004       2.8799082449768075E-003
          43  0.248539999       2.9182876633779258E-003
          44  0.248349994       2.9316703056214703E-003
          45  0.248190001       2.7219387238624927E-003
          46  0.248070002       2.8263475815280812E-003
          47  0.247999996       2.8733090061021180E-003
          48  0.247869998       2.9737018274508769E-003
          49  0.247810006       2.8617047529558150E-003
          50  0.247769997       2.8443966839144636E-003
          51  0.247740000       2.7774188882131183E-003
          52  0.247710004       2.7081941955784923E-003
          53  0.247639999       2.8525173845299801E-003
          54  0.247580007       2.6743580238662141E-003
          55  0.247580007       2.7683272598838793E-003
          56  0.247580007       2.7310735963174729E-003
          57  0.247500002       2.7140870685262051E-003
          58  0.247380003       2.8050755840533679E-003
          59  0.247290000       2.7974233961120397E-003
          60  0.247199997       2.7349743452648508E-003
          61  0.247130007       2.7391637856400766E-003
          62  0.247020006       2.7638618151775403E-003
          63  0.246959999       2.7099941531599867E-003
          64  0.246900007       2.7142626731546026E-003
          65  0.246849999       2.7050810246381889E-003
          66  0.246810004       2.7979428208861324E-003
          67  0.246739998       2.6810680867766501E-003
          68  0.246659994       2.7039372594780237E-003
          69  0.246600002       2.7088274430513638E-003
          70  0.246470004       2.5444567401131197E-003
          71  0.246340007       2.6294727019746250E-003
          72  0.246230006       2.6795306235646039E-003
          73  0.246169999       2.6708919462489307E-003
          74  0.246059999       2.6799409318302549E-003
          75  0.245969996       2.5656992471174479E-003
          76  0.245890006       2.7373567884416659E-003
          77  0.245800003       2.6809793920119875E-003
          78  0.245749995       2.5439862352755385E-003
          79  0.245639995       2.7452830700360645E-003
          80  0.245600000       2.8363829761374800E-003
          81  0.245539993       2.7370189738660758E-003
          82  0.245539993       2.6702610471144562E-003
          83  0.245570004       2.7529957791177654E-003
          84  0.245590001       2.6080956774874784E-003
          85  0.245649993       2.7746428005816300E-003
          86  0.245729998       2.6566896812624530E-003
          87  0.245790005       2.6576042113380200E-003
          88  0.245869994       2.7182892322450795E-003
          89  0.245979995       2.6958582196656544E-003
          90  0.246050000       2.6722568696789062E-003
          91  0.246130005       2.6836846175258560E-003
          92  0.246230006       2.6243878943453024E-003
          93  0.246340007       2.7938449417292044E-003
          94  0.246399999       2.8521231830258070E-003
          95  0.246529996       2.8089573187865002E-003
          96  0.246669993       2.6851940072927637E-003
          97  0.246869996       2.8057664515249684E-003
          98  0.247070000       2.7201087810872749E-003
          99  0.247199997       2.7530144216544694E-003
         100  0.247339994       2.7666085645733866E-003
         101  0.247429997       2.8351556784045598E-003
         102  0.247490004       2.7134086349292950E-003
         103  0.247549996       2.8587774099848558E-003
         104  0.247580007       2.7659676339844516E-003
         105  0.247649997       2.7505725390748570E-003
         106  0.247690007       2.8410829496622173E-003
         107  0.247749999       2.7105199637360872E-003
         108  0.247799993       2.7058497232405818E-003
         109  0.247799993       2.7647347430880837E-003
         110  0.247810006       2.7202452790006599E-003
         111  0.247799993       2.8761114625579700E-003
         112  0.247769997       2.7176198263732521E-003
         113  0.247730002       2.8506902657225407E-003
         114  0.247679994       2.7404027518667267E-003
         115  0.247679994       2.8940274017182021E-003
         116  0.247720003       2.6737632509654802E-003
         117  0.247730002       2.8010871475327641E-003
         118  0.247759998       2.8093271687198280E-003
         119  0.247759998       2.6671925497559566E-003
         120  0.247740000       2.6247570591614137E-003
         121  0.247710004       2.6018718746616616E-003
         122  0.247649997       2.6324383009654691E-003
         123  0.247580007       2.6441262911855584E-003
         124  0.247539997       2.8841243097882533E-003
         125  0.247480005       2.6800664272273339E-003
         126  0.247429997       2.6247669679545995E-003
         127  0.247390002       2.5823864771135152E-003
         128  0.247339994       2.5783644614624066E-003
         129  0.247290000       2.5925780131668516E-003
         130  0.247250006       2.7436474126198247E-003
         131  0.247199997       2.6911100658822571E-003
         132  0.247140005       2.6574100617402668E-003
         133  0.247099996       2.6234749608996097E-003
         134  0.246999994       2.6384476828624978E-003
         135  0.246969998       2.6125374041304716E-003
         136  0.246920004       2.5603671417324123E-003
         137  0.246820003       2.5729784845423915E-003
         138  0.246769994       2.5382902355050902E-003
         139  0.246769994       2.6288891335914375E-003
         140  0.246790007       2.6427635317665026E-003
