           1  0.677079976       6.8198356726825414E-003
           2  0.612160027       6.7453118802745715E-003
           3  0.557169974       6.1356148827235559E-003
           4  0.510640025       5.7903039465807748E-003
           5  0.471240014       5.4418804880054334E-003
           6  0.437840015       5.3140497997267314E-003
           7  0.409550011       5.0029082462506097E-003
           8  0.385639995       4.8574033249346327E-003
           9  0.365399987       4.5094074207015439E-003
          10  0.348259985       4.4854061195827516E-003
          11  0.333750010       4.2219125232381433E-003
          12  0.321429998       3.8992346361611972E-003
          13  0.310900003       3.9145318607256849E-003
          14  0.301959991       3.8356863942311152E-003
          15  0.294299990       3.5284279393225601E-003
          16  0.287739992       3.5014147719332712E-003
          17  0.282130003       3.5164641825779293E-003
          18  0.277280003       3.3070474089283851E-003
          19  0.273160011       3.2343554243071584E-003
          20  0.269620001       3.1253356082497257E-003
          21  0.266579986       3.1012861573995899E-003
          22  0.263969988       2.9600299916476753E-003
          23  0.261709988       2.9441550985962262E-003
          24  0.259730011       2.8688994282395413E-003
          25  0.258049995       2.7334565544937569E-003
          26  0.256630003       2.6725539656154034E-003
          27  0.255409986       2.6661981941725138E-003
          28  0.254379988       2.6394318689071509E-003
          29  0.253450006       2.6028539488795162E-003
          30  0.252739996       2.5842322800640099E-003
          31  0.252119988       2.6122218437909890E-003
          32  0.251670003       2.5521844513825163E-003
          33  0.251340002       2.4460958974066864E-003
          34  0.251069993       2.5382450087689233E-003
          35  0.250809997       2.4580427004456430E-003
          36  0.250530005       2.3214264117131663E-003
          37  0.250310004       2.4529261982067568E-003
          38  0.250140011       2.5166784548080932E-003
          39  0.249980003       2.5347200667880610E-003
          40  0.249750003       2.4846276184022254E-003
          41  0.249500006       2.4446109517164047E-003
          42  0.249310002       2.4742700699057403E-003
          43  0.249170005       2.4432359812356376E-003
          44  0.249080002       2.4239819868159991E-003
          45  0.248989999       2.4307804982511630E-003
          46  0.248889998       2.4590671094329988E-003
          47  0.248789996       2.4143814089194354E-003
          48  0.248730004       2.5398820201572099E-003
          49  0.248649999       2.5010742285841944E-003
          50  0.248649999       2.3914900593781708E-003
          51  0.248620003       2.3392447238650845E-003
          52  0.248569995       2.3500908196789033E-003
          53  0.248530000       2.3982687145202753E-003
          54  0.248459995       2.4615454036677931E-003
          55  0.248480007       2.3600384966567193E-003
          56  0.248500004       2.3575668366981523E-003
          57  0.248459995       2.3701283534281106E-003
          58  0.248420000       2.4657997668757537E-003
          59  0.248349994       2.3925591532195792E-003
          60  0.248329997       2.3797300723066785E-003
          61  0.248390004       2.5119866614696442E-003
          62  0.248520002       2.4741525684658784E-003
          63  0.248659998       2.4353818684113258E-003
          64  0.248799995       2.3907307350288461E-003
          65  0.248879999       2.4245457823056501E-003
          66  0.248919994       2.4091179159091633E-003
          67  0.249009997       2.4693616426114139E-003
          68  0.249039993       2.4619352953710490E-003
          69  0.249070004       2.4718443745586106E-003
          70  0.249070004       2.4662588860493726E-003
          71  0.249060005       2.3652815390949392E-003
          72  0.249070004       2.3489818539395987E-003
          73  0.249070004       2.3952759609379703E-003
          74  0.249080002       2.5342170964746768E-003
          75  0.249100000       2.3950395296942406E-003
          76  0.249080002       2.5056649834936384E-003
          77  0.249090001       2.4898323774811063E-003
          78  0.249090001       2.5150519838710314E-003
          79  0.249039993       2.4117029540867297E-003
          80  0.249009997       2.4870467696561523E-003
          81  0.249009997       2.3948828973394129E-003
          82  0.248999998       2.3792406061750432E-003
          83  0.248999998       2.4139308610478436E-003
          84  0.249029994       2.4440191289059822E-003
          85  0.248989999       2.4393983176578577E-003
          86  0.248830006       2.3618338338964378E-003
          87  0.248649999       2.4220624927493504E-003
          88  0.248500004       2.3581471068597638E-003
          89  0.248370007       2.5261526883189017E-003
          90  0.248170003       2.4587802307121753E-003
          91  0.247970000       2.4491547850292658E-003
          92  0.247909993       2.4783738565129485E-003
          93  0.247909993       2.4876302379057405E-003
          94  0.247930005       2.4211553222211277E-003
          95  0.248019993       2.4742932644034967E-003
          96  0.248199999       2.4408847552449086E-003
          97  0.248390004       2.4724723015346062E-003
          98  0.248590007       2.5712733820067580E-003
          99  0.248769999       2.4455913350525829E-003
         100  0.248960003       2.5336586686015225E-003
         101  0.249139994       2.4559327853238022E-003
         102  0.249369994       2.5319820125753022E-003
         103  0.249579996       2.4986141769580200E-003
         104  0.249730006       2.4418767175769531E-003
         105  0.249899998       2.4220369429463723E-003
         106  0.250189990       2.5982618906291413E-003
         107  0.250470012       2.4359252093421519E-003
         108  0.250669986       2.4725500955663083E-003
         109  0.250860006       2.3988344007862730E-003
         110  0.251010001       2.4788378248149011E-003
         111  0.251130015       2.4654094421588685E-003
         112  0.251269996       2.5588097323296791E-003
         113  0.251439989       2.4432411455931327E-003
         114  0.251569986       2.5504221331472264E-003
         115  0.251590014       2.4322667679743432E-003
         116  0.251520008       2.5479336617450017E-003
         117  0.251489997       2.5539025461237849E-003
         118  0.251359999       2.5383631611479544E-003
         119  0.251260012       2.4685254213415260E-003
         120  0.251150012       2.5445088159593951E-003
