           1  0.684549987       8.2428014500903340E-003
           2  0.629989982       7.8832880751392598E-003
           3  0.582310021       7.4680493256209764E-003
           4  0.540589988       6.9351676001669854E-003
           5  0.504090011       6.8467819128737884E-003
           6  0.472200006       6.8339338125822449E-003
           7  0.444339991       6.3186349324080267E-003
           8  0.420020014       6.1893196200009763E-003
           9  0.398790002       5.8729972279442152E-003
          10  0.380250007       5.6985521741371135E-003
          11  0.364080012       5.5654902238148445E-003
          12  0.349979997       5.4607869706514833E-003
          13  0.337660015       5.1582597639446047E-003
          14  0.326909989       4.8747523153743547E-003
          15  0.317550004       4.7367502048970911E-003
          16  0.309329987       4.6481596149651784E-003
          17  0.302170008       4.5048246393334683E-003
          18  0.295899987       4.5513516420596194E-003
          19  0.290399998       4.1587771515087689E-003
          20  0.285569996       4.1712171002270849E-003
          21  0.281309992       4.1569899909666991E-003
          22  0.277559996       4.1172239768498906E-003
          23  0.274239987       3.9823260945748475E-003
          24  0.271299988       3.7600899041918038E-003
          25  0.268720001       3.8458920360168909E-003
          26  0.266460001       3.6479222174953313E-003
          27  0.264519989       3.5366629673984581E-003
          28  0.262840003       3.4678807954901247E-003
          29  0.261359990       3.4794769396998978E-003
          30  0.260080010       3.6328854895781091E-003
          31  0.258960009       3.4443905300806247E-003
          32  0.257959992       3.3966232690536735E-003
          33  0.257099986       3.4462703443021775E-003
          34  0.256339997       3.3543990914613872E-003
          35  0.255710006       3.3564425676723022E-003
          36  0.255160004       3.5188630623018075E-003
          37  0.254720002       3.2308177407175693E-003
          38  0.254370004       3.2621495338050360E-003
          39  0.254099995       3.2690934283246507E-003
          40  0.253809988       3.2611694755207308E-003
          41  0.253540009       3.3099437516027636E-003
          42  0.253309995       3.2118085795565716E-003
          43  0.253089994       3.2328616391129792E-003
          44  0.252900004       3.1387124073364646E-003
          45  0.252700001       3.0487378578357969E-003
          46  0.252469987       3.0054744023585113E-003
          47  0.252240002       3.1696139373126328E-003
          48  0.252020001       3.0773858773638476E-003
          49  0.251800001       3.0546940491983955E-003
          50  0.251590014       3.1604302896320138E-003
          51  0.251379997       3.0432563901826586E-003
          52  0.251170009       3.0161544261665691E-003
          53  0.250939995       3.0828637782449129E-003
          54  0.250730008       3.1251049046624639E-003
          55  0.250559986       3.0882949406237387E-003
          56  0.250400007       2.9546846736307679E-003
          57  0.250270009       2.9533829237575783E-003
          58  0.250169992       2.9347621556650417E-003
          59  0.250039995       3.0453800979476802E-003
          60  0.249919996       3.0478981750790926E-003
          61  0.249809995       2.9784780843329804E-003
          62  0.249720007       3.0236739303787972E-003
          63  0.249630004       3.1383556918818546E-003
          64  0.249569997       3.0120971819460008E-003
          65  0.249489993       2.9585366632637672E-003
          66  0.249380007       2.9828724564736021E-003
          67  0.249239996       3.0094193804092173E-003
          68  0.249129996       2.9437283928544604E-003
          69  0.248999998       3.0048288904699736E-003
          70  0.248820007       2.8802533495177396E-003
          71  0.248640001       2.8763241943761948E-003
          72  0.248469993       2.8958963231280302E-003
          73  0.248349994       2.9809183192357233E-003
          74  0.248260006       2.8697040295333344E-003
          75  0.248199999       2.9199105674207991E-003
          76  0.248150006       2.7806505949042335E-003
          77  0.248119995       2.8319513520339867E-003
          78  0.248150006       2.8605881983059822E-003
          79  0.248150006       2.9690413093919582E-003
          80  0.248160005       2.8732605721025154E-003
          81  0.248109996       2.9080539768313344E-003
          82  0.248119995       2.8437087368797403E-003
          83  0.248109996       2.9425927230527422E-003
          84  0.248170003       2.8955800392251024E-003
          85  0.248229995       2.9664806364038997E-003
          86  0.248319998       2.9234087279631019E-003
          87  0.248370007       2.8768106884285937E-003
          88  0.248439997       2.9344063187096369E-003
          89  0.248500004       2.9841529690313637E-003
          90  0.248579994       2.8446715668444989E-003
          91  0.248649999       2.9938925046346133E-003
          92  0.248689994       2.9317522586465071E-003
          93  0.248760000       3.0394400775426316E-003
          94  0.248769999       2.7877419479711237E-003
          95  0.248750001       3.0237995466628714E-003
          96  0.248769999       2.9672353033922075E-003
          97  0.248850003       2.9573653391358977E-003
          98  0.248930007       2.9923624742352107E-003
          99  0.248999998       2.9553737786135459E-003
         100  0.249080002       3.0587213868601220E-003
         101  0.249160007       3.1419954229788805E-003
         102  0.249239996       3.0006924852015371E-003
         103  0.249349996       3.0981866848105158E-003
         104  0.249479994       2.9650286520470298E-003
         105  0.249640003       2.8666716065013859E-003
         106  0.249840006       3.0392435840123867E-003
         107  0.250019997       2.9757433775918535E-003
         108  0.250129998       3.1104318866066543E-003
         109  0.250239998       3.1194993755484690E-003
         110  0.250319988       3.0776609357477374E-003
         111  0.250330001       3.0676858844454875E-003
         112  0.250319988       3.1127059110072535E-003
         113  0.250299990       3.1355528799162560E-003
         114  0.250279993       3.0641507446941374E-003
         115  0.250209987       3.1320870699862923E-003
         116  0.250110000       3.1826518561402150E-003
         117  0.249980003       2.9794534803191364E-003
         118  0.249870002       3.0681279434785157E-003
         119  0.249709994       3.1036574098920375E-003
         120  0.249550000       2.9713915583402641E-003
         121  0.249390006       3.0363159753880858E-003
         122  0.249239996       2.9645490823252837E-003
         123  0.249070004       2.9692598912485842E-003
         124  0.248970002       2.9796110342351942E-003
         125  0.248830006       2.9111474137129378E-003
         126  0.248720005       2.8857405075936437E-003
         127  0.248620003       2.8904105263945802E-003
         128  0.248480007       2.9277803308464800E-003
         129  0.248310000       2.9306470189576399E-003
         130  0.248180002       3.0049788048861414E-003
         131  0.248019993       2.8040841331245553E-003
         132  0.247830003       2.9340788535491564E-003
         133  0.247620001       2.9055195006072632E-003
         134  0.247419998       2.8780116760720206E-003
         135  0.247240007       2.9202858209086140E-003
         136  0.247150004       2.9357908724679583E-003
         137  0.247030005       2.9878288703132434E-003
         138  0.246950001       2.8219503968611765E-003
         139  0.246940002       2.7532236050310226E-003
         140  0.246959999       2.7902384708910735E-003
         141  0.247020006       2.7806769338917419E-003
         142  0.247050002       2.8919232042284486E-003
         143  0.247089997       2.9008058230447164E-003
         144  0.247180000       2.8036311523341371E-003
         145  0.247240007       2.8234054378033792E-003
         146  0.247260004       2.7433370232127540E-003
         147  0.247219995       2.8450371588371864E-003
         148  0.247240007       2.7965624509657147E-003
         149  0.247309998       2.8821609181880936E-003
         150  0.247419998       2.8105002539207460E-003
