           1  0.644580007       5.6749393631506410E-003
           2  0.565370023       5.1457939121065614E-003
           3  0.502219975       4.8391280299685665E-003
           4  0.451770008       4.5865373906024453E-003
           5  0.411309987       4.2541536370041396E-003
           6  0.378969997       4.0170978607603413E-003
           7  0.353089988       3.7804494152599037E-003
           8  0.332399994       3.5300836783363678E-003
           9  0.315759987       3.4592586605146805E-003
          10  0.302410007       3.1872080974606368E-003
          11  0.291869998       2.9973185289542577E-003
          12  0.283470005       2.8350786576993004E-003
          13  0.276760012       2.8263141089849516E-003
          14  0.271319985       2.7980008114283153E-003
          15  0.266920000       2.6940899149462570E-003
          16  0.263309985       2.6181965534052111E-003
          17  0.260430008       2.5172801164060716E-003
          18  0.258100003       2.4157209008925629E-003
          19  0.256199986       2.4240040393547118E-003
          20  0.254720002       2.2963868064806645E-003
          21  0.253609985       2.3480388759785169E-003
          22  0.252649993       2.2581996792982060E-003
          23  0.251830012       2.1962907070515116E-003
          24  0.251190007       2.1942511006359448E-003
          25  0.250680000       2.1739086791919414E-003
          26  0.250299990       2.1218745788618267E-003
          27  0.250019997       2.1427848277229284E-003
          28  0.249819994       2.1646991987690164E-003
          29  0.249640003       2.1121236146319404E-003
          30  0.249469995       2.0883017999018426E-003
          31  0.249249995       2.1285493096523020E-003
          32  0.248999998       2.0972204292577356E-003
          33  0.248760000       2.1411645351165054E-003
          34  0.248579994       2.1240176182590752E-003
          35  0.248329997       2.0935321067352161E-003
          36  0.248109996       2.0641951650558679E-003
          37  0.247869998       2.0370318346389473E-003
          38  0.247590005       2.0796422177233632E-003
          39  0.247350007       2.1290247457504711E-003
          40  0.247209996       2.0712401118508261E-003
          41  0.247170001       2.0809918096500891E-003
          42  0.247140005       2.1104555494526433E-003
          43  0.247180000       2.0212324371942118E-003
          44  0.247119993       2.1175996567520685E-003
          45  0.247109994       2.0015487424291821E-003
          46  0.247130007       1.9534813900022202E-003
          47  0.247119993       2.0861441625459665E-003
          48  0.247160003       2.1362743516898605E-003
          49  0.247250006       2.0963536071830903E-003
          50  0.247350007       2.0776838677151526E-003
          51  0.247390002       2.0434479288229720E-003
          52  0.247290000       2.0881071152951945E-003
          53  0.247229993       2.0122832511937669E-003
          54  0.247260004       2.0521374348415108E-003
          55  0.247280002       2.0757460543256380E-003
          56  0.247299999       2.0820726051693169E-003
          57  0.247309998       2.0641277765100882E-003
          58  0.247339994       2.0978482731940380E-003
          59  0.247360006       2.0400110330415864E-003
          60  0.247370005       2.0741838504185501E-003
          61  0.247459993       2.0604774906408559E-003
          62  0.247559994       2.1126707284572378E-003
          63  0.247659996       2.0945102083174605E-003
          64  0.247830003       2.0862866098218776E-003
          65  0.247879997       2.1532562618939645E-003
          66  0.247989997       2.1100191740813868E-003
          67  0.248040006       2.0897129281724426E-003
          68  0.248040006       2.1555749370160298E-003
          69  0.248070002       2.1231214870187903E-003
          70  0.248170003       2.0864091636230617E-003
          71  0.248099998       2.0185047327372693E-003
          72  0.247960001       2.0115853024228079E-003
          73  0.247769997       1.9866251857683956E-003
          74  0.247720003       2.1636728885148070E-003
          75  0.247700006       2.0023078109167843E-003
          76  0.247630000       2.1812437001008721E-003
          77  0.247580007       2.0836391878743159E-003
          78  0.247539997       2.1421884489584188E-003
          79  0.247490004       2.1229126344337913E-003
          80  0.247409999       2.0535364382382620E-003
          81  0.247510001       2.1839126645043384E-003
          82  0.247539997       2.1394588261351511E-003
          83  0.247539997       2.1224784673051873E-003
          84  0.247639999       2.1421293450712090E-003
          85  0.247789994       2.1341643060241605E-003
          86  0.247930005       2.1285132926978445E-003
          87  0.247950003       2.1949662500997192E-003
          88  0.247850001       2.0595407855957368E-003
          89  0.247779995       2.2083755519509089E-003
          90  0.247820005       2.2068945580920340E-003
