           1  0.652079999       5.8927485924339983E-003
           2  0.583620012       5.5760958944301520E-003
           3  0.526570022       5.1693157420700459E-003
           4  0.479050010       4.9921242260359579E-003
           5  0.439539999       4.8023218934035812E-003
           6  0.406699985       4.3454115025858327E-003
           7  0.379319996       4.2416754082927289E-003
           8  0.356559992       4.1319279509214411E-003
           9  0.337630004       3.7003662304468756E-003
          10  0.321869999       3.6370356881352383E-003
          11  0.308759987       3.4941654917351630E-003
          12  0.297879994       3.2681143132306648E-003
          13  0.288859993       3.1063408598212407E-003
          14  0.281410009       3.0654823738404846E-003
          15  0.275200009       2.9975716598063459E-003
          16  0.270009995       2.8543432021115190E-003
          17  0.265679985       2.6994673374988198E-003
          18  0.262100011       2.6383046979765561E-003
          19  0.259149998       2.5132995681178168E-003
          20  0.256749988       2.5939908619820261E-003
          21  0.254750013       2.5208890248205962E-003
          22  0.253069997       2.4640596029271893E-003
          23  0.251610011       2.4371877655461056E-003
          24  0.250420004       2.3699389556548849E-003
          25  0.249489993       2.4108038655993357E-003
          26  0.248710006       2.4414556538495274E-003
          27  0.248009995       2.4492443160926687E-003
          28  0.247439995       2.3553323230089862E-003
          29  0.246989995       2.3349673732364941E-003
          30  0.246639997       2.3086668942208124E-003
          31  0.246370003       2.2930944788634089E-003
          32  0.246169999       2.3918623063665886E-003
          33  0.246020004       2.3399242223420495E-003
          34  0.245900005       2.3154360982677270E-003
          35  0.245770007       2.3032536055302938E-003
          36  0.245710000       2.1249370999593020E-003
          37  0.245680004       2.2585331096735229E-003
          38  0.245660007       2.3231312285588515E-003
          39  0.245670006       2.2371289006992401E-003
          40  0.245619997       2.2516319967000520E-003
          41  0.245550007       2.2326339771444612E-003
          42  0.245470002       2.2122289721418780E-003
          43  0.245409995       2.2561923656170628E-003
          44  0.245360002       2.2873813468758243E-003
          45  0.245350003       2.1672141046224056E-003
          46  0.245320007       2.3515888146672806E-003
          47  0.245289996       2.2394859631131780E-003
          48  0.245220006       2.2209193125651548E-003
          49  0.245189995       2.2944741647571015E-003
          50  0.245100006       2.2363242991709554E-003
          51  0.244980007       2.2474563821488760E-003
          52  0.244880006       2.3378712235229823E-003
          53  0.244729996       2.1828540096985164E-003
          54  0.244580001       2.4109310872096122E-003
          55  0.244440004       2.2579441319219400E-003
          56  0.244340003       2.3489579855030308E-003
          57  0.244259998       2.4050377443570084E-003
          58  0.244200006       2.3413757625525703E-003
          59  0.244190007       2.3189089231124651E-003
          60  0.244139999       2.3828870939987647E-003
          61  0.244130000       2.3285747468377391E-003
          62  0.244149998       2.2580245097044423E-003
          63  0.244169995       2.3153234190863518E-003
          64  0.244250000       2.3414205600355092E-003
          65  0.244369999       2.3152085818786555E-003
          66  0.244420007       2.2496896164545381E-003
          67  0.244460002       2.2985023050689493E-003
          68  0.244580001       2.3518568321991202E-003
          69  0.244680002       2.2808679866496285E-003
          70  0.244770005       2.3059902417031596E-003
          71  0.244880006       2.2950298877258708E-003
          72  0.244859993       2.3105994346755898E-003
          73  0.244870007       2.2897128202135769E-003
          74  0.244910002       2.3204200451608114E-003
          75  0.244890004       2.2916558297900410E-003
          76  0.244880006       2.2681822084257967E-003
          77  0.244859993       2.2485970754185856E-003
          78  0.244810000       2.3208221851538768E-003
          79  0.244739994       2.3553260003654733E-003
          80  0.244690001       2.2885431730188372E-003
          81  0.244570002       2.3427778311943415E-003
          82  0.244489998       2.2244703729915314E-003
          83  0.244440004       2.3736667210225108E-003
          84  0.244460002       2.3741195773708751E-003
          85  0.244470000       2.2931742824327966E-003
          86  0.244540006       2.3077695299518453E-003
          87  0.244560003       2.3337308303983404E-003
          88  0.244540006       2.2654826660600336E-003
          89  0.244530007       2.3259505784530171E-003
          90  0.244470000       2.3212923056839148E-003
          91  0.244460002       2.3429600498521036E-003
          92  0.244519994       2.2839758314282888E-003
          93  0.244599998       2.2353024994125480E-003
          94  0.244670004       2.2966552299105501E-003
          95  0.244810000       2.2534992595675835E-003
          96  0.244949996       2.2999831915697876E-003
          97  0.245100006       2.2603220637362701E-003
          98  0.245189995       2.2749728575304448E-003
          99  0.245320007       2.3070351066907684E-003
         100  0.245480001       2.3185742891237786E-003
         101  0.245580003       2.3501200775443488E-003
         102  0.245660007       2.1789590624776132E-003
         103  0.245719999       2.2775992901421845E-003
         104  0.245759994       2.2555452882421952E-003
         105  0.245739996       2.3572576340750110E-003
         106  0.245719999       2.2790825187402044E-003
         107  0.245800003       2.2583016164021918E-003
         108  0.245890006       2.2439538533543524E-003
         109  0.245930001       2.2727875403208151E-003
         110  0.246050000       2.2834158444096499E-003
