           1  0.411839992       1.9855047816221970E-003
           2  0.301889986       1.4565899229562081E-003
           3  0.260419995       1.2307885501731061E-003
           4  0.244489998       1.0382330998095655E-003
           5  0.238600001       9.5399491546881566E-004
           6  0.236479998       9.4895828853290239E-004
           7  0.236230001       9.5236456422255879E-004
           8  0.235949993       9.1533688005167866E-004
           9  0.235579997       9.5179143881537435E-004
          10  0.235430002       9.0360028370419659E-004
          11  0.235599995       9.0426182291473620E-004
          12  0.235579997       8.9191950461270462E-004
          13  0.235780001       9.6386290122229895E-004
          14  0.236240000       9.4209324231691813E-004
          15  0.236169994       9.4040537027529204E-004
          16  0.235960007       9.2161773964888935E-004
          17  0.236000001       9.4050940147429073E-004
          18  0.235939994       9.3254541217020228E-004
          19  0.235620007       9.0676781429785967E-004
          20  0.235269994       9.1136056523753392E-004
