           1  0.683979988       8.1567351015516855E-003
           2  0.622560024       7.5857370134018911E-003
           3  0.569920003       7.5582357814511190E-003
           4  0.524730027       6.9765929358099445E-003
           5  0.485989988       6.7592689737759094E-003
           6  0.452780008       6.6212420364655253E-003
           7  0.424270004       6.5804847799656417E-003
           8  0.399820000       6.1753395728827327E-003
           9  0.378769994       6.2802912088805035E-003
          10  0.360780001       5.4367755383082179E-003
          11  0.345330000       5.4223381381013911E-003
          12  0.332010001       5.2959887039719699E-003
          13  0.320580006       4.9210683700222132E-003
          14  0.310719997       4.5858547530732933E-003
          15  0.302269995       4.5950696974250893E-003
          16  0.294959992       4.5203537418838620E-003
          17  0.288709998       4.3242591484445375E-003
          18  0.283289999       4.2408344764931398E-003
          19  0.278600007       4.1842943919161435E-003
          20  0.274540007       3.8464936970842760E-003
          21  0.271050006       3.5901126755424817E-003
          22  0.268079996       3.7986756422909930E-003
          23  0.265529990       3.5514914288865447E-003
          24  0.263390005       3.6502888580146804E-003
          25  0.261559993       3.3942299017920867E-003
          26  0.260019988       3.3893501353416426E-003
          27  0.258690000       3.1768585369224937E-003
          28  0.257550001       3.2777036002187817E-003
          29  0.256579995       3.2054758528197794E-003
          30  0.255699992       3.2275560285295337E-003
          31  0.254979998       3.1573073235203904E-003
          32  0.254390001       2.9916249215932405E-003
          33  0.253850013       3.1230984126933317E-003
          34  0.253380001       2.9859725372553157E-003
          35  0.252909988       2.9817425061944903E-003
          36  0.252490014       2.7984985645838891E-003
          37  0.252119988       2.7400136759781939E-003
          38  0.251800001       2.7567549886076364E-003
          39  0.251439989       2.7691184081272318E-003
          40  0.251120001       2.7798834874740281E-003
          41  0.250809997       2.7247352639833203E-003
          42  0.250470012       2.8015692353888693E-003
          43  0.250209987       2.7893588385663427E-003
          44  0.249899998       2.6827778857072097E-003
          45  0.249660000       2.7042433549366732E-003
          46  0.249449998       2.8417762855928691E-003
          47  0.249249995       2.6923964752233694E-003
          48  0.249080002       2.6394088059323306E-003
          49  0.248960003       2.6174374863151299E-003
          50  0.248879999       2.7157752975925892E-003
          51  0.248830006       2.6589800209133054E-003
          52  0.248830006       2.6598525409510473E-003
          53  0.248840004       2.6104327412266874E-003
          54  0.248860002       2.8159335030450410E-003
          55  0.248950005       2.8426867785774617E-003
          56  0.249090001       2.8031943669101465E-003
          57  0.249210000       2.8056015337353172E-003
          58  0.249349996       2.7977373590623981E-003
          59  0.249430001       2.7478535532600664E-003
          60  0.249540001       2.7096995022223708E-003
          61  0.249699995       2.7221785181860345E-003
          62  0.249860004       2.6547476476653808E-003
          63  0.250000000       2.6664758007749708E-003
          64  0.250059992       2.8073764052357099E-003
          65  0.250099987       2.7115546932745681E-003
          66  0.250149995       2.7883552044815729E-003
          67  0.250250012       2.6736533952277071E-003
          68  0.250319988       2.8423173677954851E-003
          69  0.250440001       2.7362817448556803E-003
          70  0.250569999       2.7383141212445009E-003
          71  0.250719994       2.9366652246554108E-003
          72  0.250889987       2.7540415888108703E-003
          73  0.251040012       2.8871176537761979E-003
          74  0.251139998       2.9444487327038031E-003
          75  0.251190007       2.8803983265406285E-003
          76  0.251210004       2.8919223820124663E-003
          77  0.251170009       2.8333608620205622E-003
          78  0.251120001       2.8469061382058185E-003
          79  0.251080006       2.9321515782684119E-003
          80  0.251120001       2.9894200528550129E-003
          81  0.251159996       2.9313370731640161E-003
          82  0.251239985       2.9942875410251908E-003
          83  0.251289994       2.9636049136175747E-003
          84  0.251280010       2.8838609467005867E-003
          85  0.251309991       2.9463472357598602E-003
          86  0.251300007       2.9981500141389693E-003
          87  0.251340002       2.9686221090350524E-003
          88  0.251370013       3.0312933457326014E-003
          89  0.251399994       2.9732435384264544E-003
          90  0.251390010       3.0471907383402192E-003
          91  0.251399994       3.0178052853460416E-003
          92  0.251349986       3.0258314577071362E-003
          93  0.251300007       3.0180526813582886E-003
          94  0.251219988       2.9199925693921334E-003
          95  0.251150012       3.0557389163793358E-003
          96  0.251029998       3.0179726228526105E-003
          97  0.250990003       2.9284113903041849E-003
          98  0.250919998       3.1069823364341231E-003
          99  0.250889987       3.1137943911130083E-003
         100  0.250959992       3.1720376747779570E-003
         101  0.251069993       3.0332270071634177E-003
         102  0.251159996       3.0623602892976371E-003
         103  0.251239985       2.9838788471679423E-003
         104  0.251340002       3.0564571181661876E-003
         105  0.251399994       2.9420841174354635E-003
         106  0.251459986       3.1365809583558907E-003
         107  0.251569986       3.0398601078947675E-003
         108  0.251679987       3.1194627007695387E-003
         109  0.251760006       3.1303551187821144E-003
         110  0.251850009       3.0577977992626675E-003
         111  0.251859993       3.2682891903677218E-003
         112  0.251819998       3.1183762134809113E-003
         113  0.251800001       3.1748433105548198E-003
         114  0.251740009       3.2255341645506795E-003
         115  0.251670003       3.2557135348204773E-003
         116  0.251549989       3.1510180596166734E-003
         117  0.251399994       3.2376196507356496E-003
         118  0.251239985       3.2381700487800003E-003
         119  0.251130015       3.2633703459811424E-003
         120  0.251020014       3.1885790350526266E-003
         121  0.250900000       3.2340196184384921E-003
         122  0.250800014       3.1883670028405755E-003
         123  0.250750005       3.3307417878575356E-003
         124  0.250759989       3.2889348705904486E-003
         125  0.250790000       3.3165202034639864E-003
         126  0.250860006       3.2098015495600598E-003
         127  0.251020014       3.2695836495490369E-003
         128  0.251260012       3.3668932022700689E-003
         129  0.251540005       3.1720370794272824E-003
         130  0.251830012       3.2908089524776940E-003
