           1  0.661520004       6.3358760515827318E-003
           2  0.587210000       5.8633096596083104E-003
           3  0.526260018       5.4148073121476521E-003
           4  0.476379991       5.0470227461960459E-003
           5  0.435490012       5.0670242067253710E-003
           6  0.401989996       4.6817926232271233E-003
           7  0.374550015       4.5190631346271395E-003
           8  0.351940006       4.2726813197741000E-003
           9  0.333480000       3.9835074369496820E-003
          10  0.318340003       3.7870999493037254E-003
          11  0.305929989       3.6428400109836580E-003
          12  0.295890003       3.4211410856089487E-003
          13  0.287600011       3.3950970482542354E-003
          14  0.280840009       3.1743679741575441E-003
          15  0.275209993       3.1117833769195558E-003
          16  0.270570010       3.0321356683514484E-003
          17  0.266810000       2.8899504802009156E-003
          18  0.263740003       2.9474857270819794E-003
          19  0.261280000       2.7598657698448222E-003
          20  0.259220004       2.7202891320411075E-003
          21  0.257530004       2.6969579817124971E-003
          22  0.256220013       2.5993883724261049E-003
          23  0.255180001       2.5855542607220506E-003
          24  0.254379988       2.3731729175030104E-003
          25  0.253650010       2.3423293527325612E-003
          26  0.253030002       2.3917477442078105E-003
          27  0.252499998       2.4444054371259693E-003
          28  0.252070010       2.4862460628366822E-003
          29  0.251700014       2.3735651460806326E-003
          30  0.251419991       2.5105483869876724E-003
          31  0.251289994       2.4086955367910701E-003
          32  0.251230001       2.2835337113970389E-003
          33  0.251159996       2.3001289800752252E-003
          34  0.251069993       2.3763776107058833E-003
          35  0.251040012       2.4110757391073872E-003
          36  0.251120001       2.3716508191704323E-003
          37  0.251199991       2.3986613956424301E-003
          38  0.251329988       2.3493071759098454E-003
          39  0.251410007       2.3464102239671649E-003
          40  0.251509994       2.3794551859666431E-003
          41  0.251569986       2.3811930739092548E-003
          42  0.251520008       2.3662833709834361E-003
          43  0.251390010       2.3436300525879897E-003
          44  0.251280010       2.3682709607636999E-003
          45  0.251219988       2.3969643008646970E-003
          46  0.251179993       2.4412311366330697E-003
          47  0.251219988       2.2133352424071979E-003
          48  0.251260012       2.3057471948590741E-003
          49  0.251329988       2.3313503293040240E-003
          50  0.251280010       2.2986337935366192E-003
          51  0.251239985       2.3442671033877369E-003
          52  0.251150012       2.4020584973594022E-003
          53  0.251020014       2.3567610442687902E-003
          54  0.250860006       2.3592078492350880E-003
          55  0.250690013       2.2803861326686158E-003
          56  0.250519991       2.3327115518029990E-003
          57  0.250389993       2.2884246892159359E-003
          58  0.250290006       2.4895582583143289E-003
          59  0.250209987       2.2840932206158278E-003
          60  0.250140011       2.3865877162667550E-003
          61  0.250129998       2.2320268468868586E-003
          62  0.250070006       2.3627235815272736E-003
          63  0.250059992       2.3085037975287843E-003
          64  0.250030011       2.2744318855649837E-003
          65  0.250000000       2.2750134229773717E-003
          66  0.250039995       2.3009343676830686E-003
          67  0.250079989       2.2489881583747568E-003
          68  0.250160009       2.3250425896848134E-003
          69  0.250220001       2.3518794944163753E-003
          70  0.250220001       2.3065994258126251E-003
          71  0.250279993       2.2633161625001067E-003
          72  0.250290006       2.2755289349437012E-003
          73  0.250189990       2.3267290068150191E-003
          74  0.249960005       2.2551868276506053E-003
          75  0.249770001       2.2889778329485393E-003
          76  0.249689996       2.3595064475849204E-003
          77  0.249540001       2.2765071102508658E-003
          78  0.249420002       2.2772206624393498E-003
          79  0.249310002       2.2938018392732310E-003
          80  0.249229997       2.1981533553328777E-003
          81  0.249170005       2.2775878685505680E-003
          82  0.249149993       2.2680089234438979E-003
          83  0.249139994       2.2484305423832282E-003
          84  0.249100000       2.3646617166043259E-003
          85  0.249129996       2.2354523594301716E-003
          86  0.249149993       2.2729144651840992E-003
          87  0.249170005       2.2281711650490219E-003
          88  0.249119997       2.2246245921382461E-003
          89  0.249119997       2.2997967749078352E-003
          90  0.249080002       2.3068552347824808E-003
          91  0.249019995       2.1471341343930915E-003
          92  0.249009997       2.1249751779873435E-003
          93  0.249009997       2.2810650856600178E-003
          94  0.249119997       2.1789480057046711E-003
          95  0.249219999       2.2451569262407281E-003
          96  0.249229997       2.2303632703771902E-003
          97  0.249300003       2.3211325432549363E-003
          98  0.249380007       2.2088014015314143E-003
          99  0.249469995       2.1136857374682788E-003
         100  0.249640003       2.1795662710772977E-003
