           1  0.543320000       3.2608459725568910E-003
           2  0.426109999       2.7186417493020717E-003
           3  0.354939997       2.4194063253889925E-003
           4  0.311749995       2.0364130552359178E-003
           5  0.285450011       1.8744275961487748E-003
           6  0.269789994       1.6870115306410101E-003
           7  0.260199994       1.6279811945519142E-003
           8  0.254509985       1.4997459555849289E-003
           9  0.251109987       1.5244495504884087E-003
          10  0.249009997       1.4236956508698389E-003
          11  0.247730002       1.3572304076135586E-003
          12  0.246710002       1.4139651682565791E-003
          13  0.246309996       1.3288681706091197E-003
          14  0.245710000       1.3332925437001342E-003
          15  0.245130002       1.3802410736480553E-003
          16  0.244629994       1.3112737565727790E-003
          17  0.244430006       1.2690145179542252E-003
          18  0.244269997       1.2959727616393519E-003
          19  0.244360000       1.3017872582776018E-003
          20  0.244650006       1.3673893888956332E-003
          21  0.244890004       1.3087660889988645E-003
          22  0.245140001       1.3529684535922950E-003
          23  0.245199993       1.3239665975725240E-003
          24  0.245250002       1.3598964636268049E-003
          25  0.245199993       1.3114351758149343E-003
          26  0.245140001       1.3364777527387489E-003
          27  0.245179996       1.3371292267384234E-003
          28  0.245279998       1.3213857764975353E-003
          29  0.244910002       1.3523017026362113E-003
          30  0.244639993       1.3453304420743889E-003
          31  0.244690001       1.3944294044917430E-003
          32  0.244629994       1.4072379931895241E-003
          33  0.244819999       1.4280014938273149E-003
          34  0.244870007       1.3983104405061804E-003
          35  0.245230004       1.3054989566182969E-003
          36  0.245260000       1.3767785803777404E-003
          37  0.245360002       1.3512267985182733E-003
          38  0.245069996       1.3446578234783983E-003
          39  0.244929999       1.3904821292054764E-003
          40  0.244619995       1.3848677976303764E-003
