           1  0.703490019       9.9379214185375351E-003
           2  0.658429980       9.5814161028415796E-003
           3  0.617879987       9.1230358084018609E-003
           4  0.581340015       8.8632874354434808E-003
           5  0.548449993       8.5390356209272631E-003
           6  0.518840015       8.6397313639280885E-003
           7  0.492190003       8.2707531228139192E-003
           8  0.468180001       7.6140138364966326E-003
           9  0.446559995       7.9483854115395304E-003
          10  0.427130014       7.3651558007165946E-003
          11  0.409640014       7.3316975350278387E-003
          12  0.393869996       6.9663985974156789E-003
          13  0.379689991       6.6063853299944400E-003
          14  0.366979986       6.6741999528304235E-003
          15  0.355560005       6.3904510836046485E-003
          16  0.345319986       6.2905693045207829E-003
          17  0.336059988       6.1771800379982920E-003
          18  0.327749997       5.8890998280897167E-003
          19  0.320329994       5.4590939283347762E-003
          20  0.313690007       5.5561343913974985E-003
          21  0.307729989       5.4694210429543600E-003
          22  0.302340001       5.4092191699819207E-003
          23  0.297479987       5.2621957895262238E-003
          24  0.293089986       5.1657113211278994E-003
          25  0.289130002       5.0840690637102941E-003
          26  0.285530001       5.0218258816610564E-003
          27  0.282290012       4.7463342738033997E-003
          28  0.279350013       4.6453191989708270E-003
          29  0.276710004       4.7712716225211619E-003
          30  0.274300009       4.6394689413109163E-003
          31  0.272130013       4.6158264291121997E-003
          32  0.270139992       4.3947548545799847E-003
          33  0.268310010       4.3221334625948050E-003
          34  0.266660005       4.4692709234678699E-003
          35  0.265150011       4.1778832178092111E-003
          36  0.263790011       4.0860434646335462E-003
          37  0.262549996       4.0620583561358998E-003
          38  0.261429995       4.0606986675214944E-003
          39  0.260430008       4.2416614037626039E-003
          40  0.259530008       3.9967587352138841E-003
          41  0.258709997       3.7411713735227984E-003
          42  0.257939994       4.0126198395234415E-003
          43  0.257209986       3.9360113396125843E-003
          44  0.256529987       4.0279323217100160E-003
          45  0.255919993       3.9603441662889724E-003
          46  0.255369991       3.9087302056034119E-003
          47  0.254850000       3.8384983976607508E-003
          48  0.254370004       3.8419039152217962E-003
          49  0.253890008       3.8137536672047129E-003
          50  0.253500015       3.7958860499518548E-003
          51  0.253149986       3.6986924617799081E-003
          52  0.252810001       3.8167974465049426E-003
          53  0.252510011       3.6563805119498877E-003
          54  0.252229989       3.7296584758808003E-003
          55  0.251960009       3.7050547672648620E-003
          56  0.251690000       3.5115192439609398E-003
          57  0.251410007       3.5608006727928104E-003
          58  0.251120001       3.6643255141104664E-003
          59  0.250840008       3.6014412606438242E-003
          60  0.250609994       3.5445649704823486E-003
          61  0.250429988       3.3345706345333098E-003
          62  0.250259995       3.7104189653601864E-003
          63  0.250090003       3.4200556748485932E-003
          64  0.249960005       3.4745852415089561E-003
          65  0.249819994       3.4658528318109532E-003
          66  0.249669999       3.5245557319668070E-003
          67  0.249530002       3.6065291130283621E-003
          68  0.249359995       3.4440366464613052E-003
          69  0.249239996       3.3490784897251972E-003
          70  0.249149993       3.5447471928633191E-003
          71  0.249070004       3.4233272640338593E-003
          72  0.248970002       3.4680280465047013E-003
          73  0.248870000       3.5319296270712292E-003
          74  0.248779997       3.5374690748167948E-003
          75  0.248679996       3.4723153589644603E-003
          76  0.248559996       3.5174766738529368E-003
          77  0.248439997       3.3276890059094639E-003
          78  0.248290002       3.4268783132172928E-003
          79  0.248140007       3.5237482603245728E-003
          80  0.247999996       3.6435417934395252E-003
          81  0.247869998       3.4431024456643674E-003
          82  0.247789994       3.3853349473121548E-003
          83  0.247710004       3.4961732175199534E-003
          84  0.247639999       3.4250111372377593E-003
          85  0.247559994       3.3362985942471113E-003
          86  0.247500002       3.3770116769149716E-003
          87  0.247459993       3.5190926157975875E-003
          88  0.247419998       3.5401162993997583E-003
          89  0.247390002       3.5042303527740041E-003
          90  0.247360006       3.4941604917236454E-003
          91  0.247329995       3.6347201797402814E-003
          92  0.247309998       3.5158635348107661E-003
          93  0.247319996       3.5290183044419583E-003
          94  0.247319996       3.5945237028341551E-003
          95  0.247350007       3.5715566429867277E-003
          96  0.247409999       3.5711684868718623E-003
          97  0.247490004       3.6218083860452841E-003
          98  0.247580007       3.7061489559063821E-003
          99  0.247690007       3.5593368531047402E-003
         100  0.247799993       3.4959919184670710E-003
         101  0.247899994       3.5814863620478457E-003
         102  0.248030007       3.6415129362513290E-003
         103  0.248140007       3.5207519159756529E-003
         104  0.248249993       3.6241384756314885E-003
         105  0.248310000       3.6434346500352757E-003
         106  0.248400003       3.6042198985728451E-003
         107  0.248459995       3.5949511210204223E-003
         108  0.248530000       3.7669507195273043E-003
         109  0.248530000       3.6593055858367535E-003
         110  0.248459995       3.6183540483977344E-003
         111  0.248400003       3.7393078280003275E-003
         112  0.248359993       3.7207189139493490E-003
         113  0.248319998       3.6415249861677266E-003
         114  0.248300001       3.6016757620580655E-003
         115  0.248290002       3.7156033847975988E-003
         116  0.248280004       3.6903454274644929E-003
         117  0.248290002       3.7849816008101262E-003
         118  0.248290002       3.6919714859812206E-003
         119  0.248280004       3.8105790063430321E-003
         120  0.248300001       3.8300752059106970E-003
         121  0.248239994       3.8101664020951847E-003
         122  0.248150006       3.5351073807373045E-003
         123  0.248030007       3.6810310378385300E-003
         124  0.247920007       3.7453104151172149E-003
         125  0.247840002       3.6941665474734021E-003
         126  0.247769997       3.6420470174673880E-003
         127  0.247749999       3.6754247463929995E-003
         128  0.247730002       3.4708847088356053E-003
         129  0.247700006       3.7167264688355009E-003
         130  0.247669995       3.7097367721548821E-003
         131  0.247669995       3.6051376610068803E-003
         132  0.247690007       3.8350648953545505E-003
         133  0.247769997       3.6384198362469288E-003
         134  0.247860000       3.7957928798130628E-003
         135  0.247960001       3.7264635347211529E-003
         136  0.248050004       3.8090200803184990E-003
         137  0.248150006       3.5617071569633476E-003
         138  0.248239994       3.7616114903083683E-003
         139  0.248329997       3.6618440275088485E-003
         140  0.248420000       3.8021099224733253E-003
         141  0.248510003       3.9634629950949631E-003
         142  0.248590007       3.6319466034466976E-003
         143  0.248669997       3.8104389740363791E-003
         144  0.248720005       3.6455066784047102E-003
         145  0.248750001       3.7123024157307287E-003
         146  0.248799995       3.7554287448249182E-003
         147  0.248820007       3.6808089425229050E-003
         148  0.248850003       3.7642535548948943E-003
         149  0.248860002       3.9047396451295313E-003
         150  0.248860002       3.8960123390985694E-003
         151  0.248860002       3.8133056021592776E-003
         152  0.248860002       3.8104763072069328E-003
         153  0.248840004       3.8019647817266770E-003
         154  0.248860002       3.6901503296538625E-003
         155  0.248840004       3.8491242065342790E-003
         156  0.248820007       3.7656381646545317E-003
         157  0.248779997       3.8618431938984652E-003
         158  0.248730004       3.8236545371059540E-003
         159  0.248620003       3.6998057566760938E-003
         160  0.248520002       3.7311793121494220E-003
         161  0.248410001       3.7618521673296402E-003
         162  0.248280004       3.6381177928037065E-003
         163  0.248109996       3.8392731234300980E-003
         164  0.247930005       3.7478998783039897E-003
         165  0.247740000       3.6346973709041291E-003
         166  0.247590005       3.9084982962510981E-003
         167  0.247419998       3.5761137818240028E-003
         168  0.247250006       3.4825609617373430E-003
         169  0.247050002       3.6837242167701754E-003
         170  0.246920004       3.7014033877343006E-003
         171  0.246840000       3.6337920083582454E-003
         172  0.246779993       3.6217719140522872E-003
         173  0.246700004       3.6409406905135080E-003
         174  0.246680006       3.5619281607511856E-003
         175  0.246690005       3.4145011850151312E-003
         176  0.246680006       3.6150582538354769E-003
         177  0.246680006       3.5293512028327554E-003
         178  0.246700004       3.5206544535064115E-003
         179  0.246730000       3.6060857357013937E-003
         180  0.246810004       3.5672840847052458E-003
         181  0.246920004       3.5732998863480005E-003
         182  0.247030005       3.5428371649187411E-003
         183  0.247140005       3.5658134880190611E-003
         184  0.247229993       3.7005936817121636E-003
         185  0.247329995       3.6790128361634442E-003
         186  0.247439995       3.4666165603929521E-003
         187  0.247559994       3.6862623875787192E-003
         188  0.247659996       3.6086882151444830E-003
         189  0.247740000       3.5893479001913734E-003
         190  0.247860000       3.5042234028763823E-003
