           1  0.492670000       2.5802757929473410E-003
           2  0.371010005       2.0608856589076092E-003
           3  0.308539987       1.7281484895144202E-003
           4  0.276380002       1.4795492214737509E-003
           5  0.259880006       1.3239572080369015E-003
           6  0.251639992       1.2224210204777332E-003
           7  0.247690007       1.1556054973759287E-003
           8  0.245869994       1.1103598396447207E-003
           9  0.244920000       1.0505985708725216E-003
          10  0.244240001       1.0910214646647021E-003
          11  0.243499994       1.0990675102681283E-003
          12  0.243340001       1.0106871566381045E-003
          13  0.243200004       1.0703733223232435E-003
          14  0.242899999       1.0203978380678184E-003
          15  0.242850006       1.0644707513153154E-003
          16  0.242929995       1.0942991976339708E-003
          17  0.243100002       1.0446317902635420E-003
          18  0.243120000       1.0693045909762092E-003
          19  0.243100002       1.1197538066175239E-003
          20  0.243180007       1.0772102466828544E-003
          21  0.243430004       1.0838502986857048E-003
          22  0.243340001       1.1617593488160427E-003
          23  0.243100002       1.0777175826384327E-003
          24  0.243019998       1.0971107009774958E-003
          25  0.243009999       1.0964679342227663E-003
          26  0.242970005       1.1099389363978438E-003
          27  0.242850006       1.1065672247041645E-003
          28  0.243080005       1.1250361882903343E-003
          29  0.243029997       1.1331082642757530E-003
          30  0.243190005       1.0939727524935630E-003
