           1  0.702009976       8.6963944801329227E-003
           2  0.649810016       8.5582713732618720E-003
           3  0.603670001       8.1582835864126655E-003
           4  0.562929988       7.9210804973045470E-003
           5  0.526960015       7.1971433849358077E-003
           6  0.495249987       7.0651736533522413E-003
           7  0.467280000       6.9269994467494114E-003
           8  0.442609996       6.8746112270535956E-003
           9  0.420819998       6.7347017457136168E-003
          10  0.401589990       6.2996913182946273E-003
          11  0.384590000       5.6994083357216037E-003
          12  0.369569987       5.9068299722844003E-003
          13  0.356269985       5.6581586849865370E-003
          14  0.344540000       5.4844885016083911E-003
          15  0.334160000       5.3525406770130709E-003
          16  0.324990004       5.0826279569264497E-003
          17  0.316870004       4.9760054373503195E-003
          18  0.309630007       4.8109883575783016E-003
          19  0.303169996       4.7814210051623715E-003
          20  0.297479987       4.6195693244946252E-003
          21  0.292459995       4.6931862539579157E-003
          22  0.287999988       4.0969428569261734E-003
          23  0.284090012       4.4034567927366160E-003
          24  0.280620009       4.3573051775870203E-003
          25  0.277539998       4.1295866336881265E-003
          26  0.274839997       4.0440570513945633E-003
          27  0.272439986       4.0091160740326846E-003
          28  0.270310014       4.0534139101327683E-003
          29  0.268390000       3.9411482567379853E-003
          30  0.266660005       3.9607904495995066E-003
          31  0.265150011       3.7768708587818454E-003
          32  0.263859987       3.7946289486716846E-003
          33  0.262739986       3.6884727568130102E-003
          34  0.261720002       3.6919559059050313E-003
          35  0.260820001       3.6903007406983495E-003
          36  0.260030001       3.5483086476321493E-003
          37  0.259290010       3.6947333471779621E-003
          38  0.258670002       3.6092527083858277E-003
          39  0.258139998       3.6054292250532623E-003
          40  0.257649988       3.5329711018204329E-003
          41  0.257200003       3.5544384439557585E-003
          42  0.256799996       3.3775455073622946E-003
          43  0.256460011       3.5584724524749863E-003
          44  0.256170005       3.3831552371179408E-003
          45  0.255919993       3.2995033012633151E-003
          46  0.255690008       3.3852393581255491E-003
          47  0.255540013       3.4989270217334486E-003
          48  0.255409986       3.3551388097497773E-003
          49  0.255299985       3.4313319998221770E-003
          50  0.255169988       3.2948034038534201E-003
          51  0.255100012       3.3903560520715369E-003
          52  0.255059987       3.3367324839302529E-003
          53  0.255019993       3.3892670205532445E-003
          54  0.254979998       3.3507528729358237E-003
          55  0.254949987       3.2868594351373437E-003
          56  0.254929990       3.3626791240368593E-003
          57  0.254940003       3.3919343123128528E-003
          58  0.254949987       3.3031923069116497E-003
          59  0.254940003       3.4103539569320918E-003
          60  0.254970014       3.3484311816213718E-003
          61  0.254990011       3.3491764783388604E-003
          62  0.255010009       3.4731033099356830E-003
          63  0.254960001       3.5639188918490934E-003
          64  0.254900008       3.3670749476280583E-003
          65  0.254869998       3.4751953213119904E-003
          66  0.254850000       3.2536193857506321E-003
          67  0.254850000       3.4247466986720991E-003
          68  0.254839987       3.5551033585652361E-003
          69  0.254839987       3.5400306720849185E-003
          70  0.254819989       3.3217061516056128E-003
          71  0.254799992       3.3888847900944655E-003
          72  0.254790008       3.2517658941273457E-003
          73  0.254850000       3.3644198760525473E-003
          74  0.254949987       3.5463492663945825E-003
          75  0.255059987       3.3249662942064820E-003
          76  0.255169988       3.3774568625135767E-003
          77  0.255270004       3.3174136948088480E-003
          78  0.255389988       3.5435811568054138E-003
          79  0.255530000       3.6152700865052225E-003
          80  0.255690008       3.3861140341944489E-003
          81  0.255809993       3.4975039393990515E-003
          82  0.255899996       3.4439232523922818E-003
          83  0.255989999       3.4034613001399944E-003
          84  0.256069988       3.5392840060444130E-003
          85  0.256139994       3.4531788976242626E-003
          86  0.256240010       3.5695379831887611E-003
          87  0.256339997       3.4338324682859295E-003
          88  0.256379992       3.4794096589189400E-003
          89  0.256379992       3.5844865381082073E-003
          90  0.256359994       3.5423143593160495E-003
          91  0.256370008       3.4662805966699751E-003
          92  0.256339997       3.4504603837374644E-003
          93  0.256309986       3.3649220294583730E-003
          94  0.256289989       3.4980674334629254E-003
          95  0.256289989       3.4438537137539381E-003
          96  0.256289989       3.6335142267931776E-003
          97  0.256269991       3.4756457079966594E-003
          98  0.256240010       3.5988222734476636E-003
          99  0.256209999       3.5333541248511605E-003
         100  0.256170005       3.3784382737982706E-003
         101  0.256139994       3.4967217396903089E-003
         102  0.256069988       3.5583134556373391E-003
         103  0.255989999       3.4200558507159651E-003
         104  0.255919993       3.4545345313501006E-003
         105  0.255890012       3.4584849702481144E-003
         106  0.255860001       3.3513987611564463E-003
         107  0.255780011       3.4461816649003652E-003
         108  0.255710006       3.4807497778122473E-003
         109  0.255650014       3.3573439530350723E-003
         110  0.255609989       3.3890490759866179E-003
         111  0.255609989       3.3030415199722667E-003
         112  0.255629987       3.4167233673564022E-003
         113  0.255679995       3.4025271643082981E-003
         114  0.255710006       3.4575944526180633E-003
         115  0.255710006       3.2926246367480333E-003
         116  0.255719990       3.5099274645006371E-003
         117  0.255739987       3.4420056817653891E-003
         118  0.255769998       3.4201176405559935E-003
         119  0.255769998       3.3366645500752371E-003
         120  0.255710006       3.4039062376705945E-003
         121  0.255659997       3.3248286433129564E-003
         122  0.255609989       3.4054556029146509E-003
         123  0.255549997       3.5019707407478898E-003
         124  0.255499989       3.3633605528176798E-003
         125  0.255459994       3.3104776342470729E-003
         126  0.255430013       3.2450133639416795E-003
         127  0.255369991       3.4612584656837750E-003
         128  0.255329996       3.4487221359666594E-003
         129  0.255270004       3.2694530280696181E-003
         130  0.255190015       3.3967844534228842E-003
         131  0.255089998       3.2477026945699596E-003
         132  0.254960001       3.2065255999853205E-003
         133  0.254779994       3.3516736401844197E-003
         134  0.254599988       3.2411613596829802E-003
         135  0.254400015       3.2649484157953592E-003
         136  0.254209995       3.2734509361265745E-003
         137  0.254000008       3.2260885923646549E-003
         138  0.253729999       3.1572608888325270E-003
         139  0.253410012       3.2331133860893872E-003
         140  0.253049999       3.2482682779561766E-003
         141  0.252750009       3.1816501984226401E-003
         142  0.252490014       3.1867730474461698E-003
         143  0.252249986       3.0973581931947572E-003
         144  0.252029985       3.2746515563263773E-003
         145  0.251890004       3.0541421953294984E-003
         146  0.251749992       3.1721389112149127E-003
         147  0.251610011       3.1225950035462242E-003
         148  0.251500010       3.1099769162415301E-003
         149  0.251450002       3.1733671926399642E-003
         150  0.251439989       3.2015799553659326E-003
         151  0.251450002       3.2352655185080553E-003
         152  0.251480013       3.0361494369663942E-003
         153  0.251540005       3.1306964680001435E-003
         154  0.251619995       3.1546505809559203E-003
         155  0.251729995       3.1024650844698157E-003
         156  0.251839995       3.2328102722271835E-003
         157  0.251949996       3.0993621219005001E-003
         158  0.252039999       3.3110865038494621E-003
         159  0.252209991       3.2485585202998166E-003
         160  0.252429992       3.0988195669380261E-003
