  0.446480393       6.3117338236292958E-004  0.552568197       6.2763124542589393E-004
  0.485643595       8.5517262940643438E-004  0.378565818       2.9952025146007233E-004
  0.493273288       1.0262871337286832E-003  0.278698921       1.7570307324980133E-004
  0.494982004       1.2817500115315107E-003  0.218934581       1.1876455799010294E-004
  0.496362537       1.3409802468902011E-003  0.180092141       9.2394495268601043E-005
  0.498824179       1.5504457869863089E-003  0.152868241       7.0226926364984655E-005
  0.495871067       1.6151362110712593E-003  0.132668599       5.7909867064007375E-005
  0.497463226       1.7622885801547969E-003  0.117168963       4.6036634749979125E-005
  0.497916043       1.9151678982127582E-003  0.105032928       4.0553384843550747E-005
  0.500740290       2.0083193827089505E-003   9.50269327E-02   3.5833050668796186E-005
  0.499532334       2.1091996145828893E-003   8.67329389E-02   2.9298769731880275E-005
  0.500366569       2.0063878089339733E-003   7.98685327E-02   2.6994809998246390E-005
  0.501173913       2.0074973790210641E-003   7.40129501E-02   2.3759262665957683E-005
  0.499721881       2.9479538750685193E-003   6.88951761E-02   2.1470339652639431E-005
  0.499450743       2.9247833128765288E-003   6.44316077E-02   1.9764820133004897E-005
  0.504137576       2.8519404124837154E-003   6.05501346E-02   1.7494186577182664E-005
  0.500272155       3.0208975768385588E-003   5.71100004E-02   1.5887719757745367E-005
  0.502521217       3.0738064345223011E-003   5.40299304E-02   1.5585001281705638E-005
  0.500338674       3.3340566301958015E-003   5.12524210E-02   1.3582370340006318E-005
 
