   1.07246852       8.02780595E-03   8.92634988E-02   4.43472782E-05
  0.656466901       4.09310684E-03   9.34909880E-02   3.53572759E-05
  0.559201181       2.73939315E-03   9.44576189E-02   3.02104072E-05
  0.520937741       2.10215105E-03   9.48587209E-02   2.60659399E-05
  0.508484542       1.75585621E-03   9.49211270E-02   2.37941495E-05
  0.505595744       1.53028930E-03   9.49938968E-02   2.16360750E-05
  0.502164960       1.36229524E-03   9.49997902E-02   2.04638291E-05
  0.501891255       1.23873400E-03   9.50223953E-02   1.90732953E-05
  0.500037849       1.15883991E-03   9.50005949E-02   1.82146159E-05
  0.501474142       1.12215802E-03   9.50114205E-02   1.68517163E-05
  0.499640286       1.08053500E-03   9.49608162E-02   1.61287444E-05
  0.500635564       1.00880291E-03   9.50124860E-02   1.58463317E-05
  0.501055539       9.81270103E-04   9.50072333E-02   1.47626415E-05
  0.499725640       9.20469407E-04   9.49943438E-02   1.42681511E-05
  0.501047909       9.04801243E-04   9.50021595E-02   1.40077282E-05
  0.501256585       8.93395918E-04   9.50116143E-02   1.32055147E-05
  0.501764297       8.61961802E-04   9.49946716E-02   1.28929069E-05
  0.499352127       8.30952602E-04   9.50093493E-02   1.24655853E-05
  0.500440598       8.32977006E-04   9.49959904E-02   1.24201806E-05
  0.499909252       8.00803653E-04   9.50055420E-02   1.20358391E-05
