           1  0.468434989       8.6243904050347915E-004
           2  0.438284010       8.9196211945586680E-004
           3  0.410075486       8.9755209663773040E-004
           4  0.383682996       8.6271472657169625E-004
           5  0.358989000       8.5029432188690106E-004
           6  0.335887015       8.5345977573896958E-004
           7  0.314282000       8.5012035424342940E-004
           8  0.294074506       8.3735445105540321E-004
           9  0.275171995       7.9888272248911020E-004
          10  0.257490009       8.5675781419517654E-004
          11  0.240952000       8.5223929540893220E-004
          12  0.225479007       8.2068150673304384E-004
          13  0.211007997       8.2307280579917348E-004
          14  0.197469503       7.9070163667447073E-004
          15  0.184803501       8.3363429039000423E-004
          16  0.172949493       7.8061790527279471E-004
          17  0.161857501       7.8941133970139555E-004
          18  0.151473999       7.4902196467681445E-004
          19  0.141758993       7.1928533925497249E-004
          20  0.132671997       7.4553865895489978E-004
          21  0.124160498       7.4239881860790739E-004
          22  0.116185501       7.4702631483256326E-004
          23  0.108717002       7.2232704352497012E-004
          24  0.101718500       7.1680186691119516E-004
          25   9.51645002E-02   7.2168674053473437E-004
          26   8.90349969E-02   7.2880128179604337E-004
          27   8.32960010E-02   7.1990898520226092E-004
          28   7.79265016E-02   7.3186488806991517E-004
          29   7.29004964E-02   7.5109425855813346E-004
          30   6.82070032E-02   7.1261244405471103E-004
          31   6.38104975E-02   7.2903230005342493E-004
          32   5.96969984E-02   7.3141354276083279E-004
          33   5.58429994E-02   7.0346902509917358E-004
          34   5.22455014E-02   7.1611850717575210E-004
          35   4.88759987E-02   7.1630350210174338E-004
          36   4.57150005E-02   7.1280261899581989E-004
          37   4.27550003E-02   7.4195704761278276E-004
          38   3.99805009E-02   7.0478339745499627E-004
          39   3.73844989E-02   7.4322256836981408E-004
          40   3.49540003E-02   7.0443219084744078E-004
          41   3.26794982E-02   7.5706472459520621E-004
          42   3.05499993E-02   7.3273020189633191E-004
          43   2.85685007E-02   7.3575618710780555E-004
          44   2.67194994E-02   7.1675695545071641E-004
          45   2.49949992E-02   7.1742613823820882E-004
          46   2.33769994E-02   7.4165526746322315E-004
          47   2.18644999E-02   8.0131704154298201E-004
          48   2.04620007E-02   7.5768372361713365E-004
          49   1.91674996E-02   7.8911402358212881E-004
          50   1.79779995E-02   7.8015629864163979E-004
          51   1.68769993E-02   8.1224726162663690E-004
          52   1.58625003E-02   8.0564280096111435E-004
          53   1.49210002E-02   7.9508193287792758E-004
          54   1.40460003E-02   7.8726670997160387E-004
          55   1.32395001E-02   8.0452303174822896E-004
          56   1.24934996E-02   8.1092366070351768E-004
          57   1.18135000E-02   8.2222014911381052E-004
          58   1.11969998E-02   8.1932844063338083E-004
          59   1.06384996E-02   8.4430256620340156E-004
          60   1.01325000E-02   8.4428702867529303E-004
          61   9.68000013E-03   8.4735185053163068E-004
          62   9.27549973E-03   8.5104620651171674E-004
          63   8.92450009E-03   8.5638788593242422E-004
          64   8.60949978E-03   8.8849354552848346E-004
          65   8.33099987E-03   8.5471650673666808E-004
          66   8.09200015E-03   8.6225777291960186E-004
          67   7.88800046E-03   8.6337311387007230E-004
          68   7.71600008E-03   8.7507910608707789E-004
          69   7.57949986E-03   8.6658421691151696E-004
          70   7.46800005E-03   8.8823234854462120E-004
          71   7.38249999E-03   8.7924233689278648E-004
          72   7.33050006E-03   8.7276395058108122E-004
          73   7.30799977E-03   8.8703591154728307E-004
          74   7.32049998E-03   9.0055738658080834E-004
          75   7.36800022E-03   8.9337962181828298E-004
