           1  0.464778513       8.3879338277831545E-004
           2  0.432707012       8.0440190155000994E-004
           3  0.402844489       8.0848438472190000E-004
           4  0.375044495       7.8375294483958805E-004
           5  0.349171996       8.2812507143377771E-004
           6  0.325085998       8.4099506038377478E-004
           7  0.302661985       8.0161491034414737E-004
           8  0.281798005       7.8784329518303252E-004
           9  0.262374490       7.5963558954755144E-004
          10  0.244294003       7.8189664524594556E-004
          11  0.227474004       7.9118285699699602E-004
          12  0.211816505       7.6109936101173342E-004
          13  0.197236493       7.7363977396728437E-004
          14  0.183661506       7.7468472998962787E-004
          15  0.171020493       7.2890383658108613E-004
          16  0.159256995       7.3872209382424561E-004
          17  0.148312002       6.9422731667347385E-004
          18  0.138124004       7.2801804682599207E-004
          19  0.128635496       7.1691359624862893E-004
          20  0.119801998       7.0106318554858055E-004
          21  0.111577503       7.2730386406449476E-004
          22  0.103924498       7.0689718542518796E-004
          23   9.68025029E-02   6.8336666529616834E-004
          24   9.01845023E-02   6.6612868157949455E-004
          25   8.40345025E-02   6.6855312000805396E-004
          26   7.83165023E-02   6.9637042092706867E-004
          27   7.30035007E-02   7.0184457112925356E-004
          28   6.80639967E-02   7.0759624650458194E-004
          29   6.34715036E-02   6.9158634069545308E-004
          30   5.92029989E-02   6.6805530803047122E-004
          31   5.52315004E-02   7.0064345490010557E-004
          32   5.15405014E-02   7.2303687696393933E-004
          33   4.81050014E-02   7.0255651087509289E-004
          34   4.49105017E-02   6.7897835387773148E-004
          35   4.19359989E-02   6.9549172983560624E-004
          36   3.91529985E-02   6.9542518816168106E-004
          37   3.65660004E-02   7.1002236449181980E-004
          38   3.41599993E-02   6.9709691248757174E-004
          39   3.19220014E-02   7.0534843941940826E-004
          40   2.98414994E-02   6.9996607444611464E-004
          41   2.79050004E-02   7.2617882457335140E-004
          42   2.61105001E-02   6.8547335481298783E-004
          43   2.44340003E-02   7.3060708407145551E-004
          44   2.28815004E-02   7.1010180645006827E-004
          45   2.14395002E-02   7.3947029280095752E-004
          46   2.01040003E-02   6.9781910027614667E-004
          47   1.88564993E-02   7.2745885592986664E-004
          48   1.76995005E-02   7.7404408453796646E-004
          49   1.66324992E-02   7.6193250526605371E-004
          50   1.56414993E-02   7.3625253257836982E-004
          51   1.47315003E-02   7.3557306906442139E-004
          52   1.38955005E-02   7.5964493150411751E-004
          53   1.31350001E-02   7.7674410860061624E-004
          54   1.24310004E-02   7.6694887221596551E-004
          55   1.17859999E-02   7.8354036872259531E-004
          56   1.11915004E-02   7.9314653985111542E-004
          57   1.06535004E-02   7.7299859039297041E-004
          58   1.01600001E-02   8.0176680519023272E-004
          59   9.71100014E-03   8.0001181506784546E-004
          60   9.31049976E-03   8.1611044330185474E-004
          61   8.95749964E-03   7.8763291889405462E-004
          62   8.65400024E-03   8.0251419758080626E-004
          63   8.39150045E-03   8.0731967580514364E-004
          64   8.17599986E-03   8.2580874556039666E-004
          65   8.00199993E-03   8.3831977738207161E-004
          66   7.86199979E-03   8.1048973830969166E-004
          67   7.75049999E-03   8.1540170838182780E-004
          68   7.67449988E-03   8.1742489042914749E-004
          69   7.62249995E-03   7.8222654540039988E-004
          70   7.61700002E-03   8.2953649655468048E-004
