           1  0.407959014       3.0118736749988194E-004
           2  0.334228009       2.9523111409376093E-004
           3  0.273819000       2.9875638315480228E-004
           4  0.224346995       2.8439594973872961E-004
           5  0.183816493       2.7500466331274525E-004
           6  0.150626495       2.6934712602507516E-004
           7  0.123437501       2.4877372518308517E-004
           8  0.101144001       2.5493780069807821E-004
           9   8.28830004E-02   2.6439772998404704E-004
          10   6.79529980E-02   2.6384655110746254E-004
          11   5.57205006E-02   2.5131081728221915E-004
          12   4.57039997E-02   2.6128540428212833E-004
          13   3.75115015E-02   2.5485618477045981E-004
          14   3.08484994E-02   2.6428162155619171E-004
          15   2.54135001E-02   2.8099027145391344E-004
          16   2.10360009E-02   2.7996828146951850E-004
          17   1.74649991E-02   2.7642547526555912E-004
          18   1.46065000E-02   2.7570756272873046E-004
          19   1.23244999E-02   2.7567896418834642E-004
          20   1.04919998E-02   2.9174263400179827E-004
          21   9.09900013E-03   2.9768637445285552E-004
          22   8.07849970E-03   2.9341292541970002E-004
          23   7.36499997E-03   3.0445312917307040E-004
          24   6.96900021E-03   2.9478525439840365E-004
          25   6.82249991E-03   3.1246134797104980E-004
