           1  0.295823008       1.5737531321632388E-004
           2  0.180392995       1.4895003865576600E-004
           3  0.110049501       1.4079284511211621E-004
           4   6.72295019E-02   1.4409694780561876E-004
           5   4.10884991E-02   1.3201519382293795E-004
           6   2.53279991E-02   1.4544160032826294E-004
           7   1.59089994E-02   1.5425957570553916E-004
           8   1.05320001E-02   1.5335048523055787E-004
           9   7.79200019E-03   1.6690554576600380E-004
          10   6.87849987E-03   1.6826564237428185E-004
