           1  0.474786013       1.1372777030692325E-003
           2  0.451602489       1.1117881083960216E-003
           3  0.429554492       1.1511837175409718E-003
           4  0.408583492       1.1290636426113147E-003
           5  0.388637513       1.0873647012091404E-003
           6  0.369661510       1.0792979776365285E-003
           7  0.351608515       1.1371642921410574E-003
           8  0.334437013       1.1243249961338502E-003
           9  0.318100989       1.1122181448886559E-003
          10  0.302556992       1.0863962087867549E-003
          11  0.287772506       1.1180408481235105E-003
          12  0.273705006       1.1024568909810610E-003
          13  0.260327011       1.0995763947091743E-003
          14  0.247598499       1.1244679742320055E-003
          15  0.235487998       1.0873232555182735E-003
          16  0.223966002       1.0447929403445851E-003
          17  0.213002503       1.0539502164936760E-003
          18  0.202568501       1.0178555175634760E-003
          19  0.192641497       9.8378446520055876E-004
          20  0.183195502       1.0338744469261039E-003
          21  0.174206004       1.0081397453188723E-003
          22  0.165655494       9.9527424051373456E-004
          23  0.157523498       9.9302650825009733E-004
          24  0.149784997       9.8337374635760208E-004
          25  0.142423496       1.0086383438852487E-003
          26  0.135423005       1.0158793986960579E-003
          27  0.128767997       9.9593353082286251E-004
          28  0.122444503       1.0181373329358277E-003
          29  0.116424002       9.8134409157748809E-004
          30  0.110698499       9.6681984092365260E-004
          31  0.105250001       1.0045600303572829E-003
          32  0.100069001       9.5536724282339186E-004
          33   9.51429978E-02   9.4620168454256264E-004
          34   9.04619992E-02   9.5229068952804431E-004
          35   8.60129967E-02   9.5739631238183351E-004
          36   8.17900002E-02   9.7420473952508516E-004
          37   7.77745023E-02   9.5359333674933391E-004
          38   7.39639997E-02   9.4442789677579280E-004
          39   7.03525022E-02   9.5188026432707520E-004
          40   6.69204965E-02   9.2906425792970663E-004
          41   6.36690035E-02   9.8372046748774621E-004
          42   6.05910011E-02   9.6843073068348653E-004
          43   5.76770008E-02   9.2425575286868636E-004
          44   5.49199991E-02   9.5813475495530923E-004
          45   5.23080006E-02   9.7684472640304442E-004
          46   4.98325005E-02   9.6832548249832387E-004
          47   4.74925004E-02   9.6026269683288645E-004
          48   4.52830009E-02   9.4146275278540780E-004
          49   4.31980006E-02   9.9448993942350241E-004
          50   4.12210003E-02   9.7513702630711474E-004
          51   3.93490009E-02   9.6939828152463770E-004
          52   3.75769995E-02   9.5930912072631435E-004
          53   3.58995013E-02   9.3605015718945764E-004
          54   3.43099982E-02   9.5766578374308195E-004
          55   3.28054987E-02   9.8659194477788720E-004
          56   3.13890018E-02   9.8366342704588917E-004
          57   3.00475005E-02   1.0126632796387609E-003
          58   2.87740007E-02   9.9111440131357652E-004
          59   2.75710002E-02   9.9263094612919386E-004
          60   2.64359992E-02   9.7450251510274510E-004
          61   2.53644995E-02   9.8438769098576121E-004
          62   2.43535005E-02   1.0028954421169569E-003
          63   2.33970005E-02   1.0322820131160682E-003
          64   2.24885009E-02   9.8928216948488182E-004
          65   2.16335002E-02   9.9099336735913412E-004
          66   2.08244994E-02   9.8996918689026568E-004
          67   2.00539995E-02   9.7417552762120798E-004
          68   1.93265006E-02   1.0582536571122113E-003
          69   1.86390001E-02   9.9535945298336579E-004
          70   1.79945007E-02   9.9269899569279772E-004
          71   1.73914991E-02   1.0183369174739064E-003
          72   1.68274995E-02   9.9375419636184271E-004
          73   1.63010005E-02   1.0162537747521855E-003
          74   1.58064999E-02   1.0059115396698611E-003
          75   1.53454999E-02   1.0460881605476946E-003
          76   1.49160000E-02   1.0806427737411390E-003
          77   1.45140002E-02   1.0125630265806697E-003
          78   1.41434995E-02   1.0535016409015492E-003
          79   1.38039999E-02   1.0693522821533469E-003
          80   1.34899998E-02   1.0832531524278858E-003
          81   1.32005000E-02   1.0775642113411937E-003
          82   1.29364999E-02   1.1184007315436101E-003
          83   1.26954997E-02   1.0803134039037798E-003
          84   1.24704996E-02   1.0950787567647934E-003
          85   1.22520002E-02   1.0842475013781419E-003
          86   1.20414998E-02   1.0973153670291124E-003
          87   1.18474998E-02   1.1086840006389851E-003
          88   1.16595002E-02   1.1445779232118999E-003
          89   1.14799999E-02   1.1088298454720031E-003
          90   1.13169998E-02   1.1636038126396678E-003
          91   1.11595001E-02   1.1523581720708101E-003
          92   1.10109998E-02   1.1229331875729528E-003
          93   1.08725000E-02   1.1143714312578377E-003
          94   1.07429996E-02   1.1155978138019059E-003
          95   1.06264995E-02   1.1570655590753920E-003
          96   1.05229998E-02   1.1509674902704283E-003
          97   1.04329996E-02   1.0891774373583524E-003
          98   1.03559997E-02   1.1528620545060587E-003
          99   1.02934996E-02   1.1349884151051414E-003
         100   1.02505004E-02   1.0999633499398883E-003
