           1  0.456571490       6.3292000737745534E-004
           2  0.416959494       6.3716866496415462E-004
           3  0.380784512       6.3139859876309989E-004
           4  0.347745001       6.4205429903225000E-004
           5  0.317580491       6.3570127585698202E-004
           6  0.290027499       6.6096452625427247E-004
           7  0.264861494       6.3431472963117142E-004
           8  0.241872996       6.2124330778668226E-004
           9  0.220873997       5.8699035802498717E-004
          10  0.201689005       5.9330599066121238E-004
          11  0.184166998       6.0413390769417988E-004
          12  0.168157995       5.9838554486406207E-004
          13  0.153540000       5.4460942118482057E-004
          14  0.140185997       5.5971877270167213E-004
          15  0.127979994       5.7594229491919103E-004
          16  0.116840497       5.6187857433767283E-004
          17  0.106660500       5.4760731083369025E-004
          18   9.73640010E-02   5.5082460731387985E-004
          19   8.88864994E-02   5.5153820753846327E-004
          20   8.11555013E-02   5.4557233173615572E-004
          21   7.40955025E-02   5.4896244106145912E-004
          22   6.76560029E-02   5.5114064052825867E-004
          23   6.17720000E-02   5.3286603029548487E-004
          24   5.64070009E-02   5.4771300354559775E-004
          25   5.15180007E-02   5.5350153216796906E-004
          26   4.70664985E-02   5.5013602381389975E-004
          27   4.30014990E-02   5.6202682607177780E-004
          28   3.93109992E-02   5.3129078561715436E-004
          29   3.59489992E-02   5.4199054823118409E-004
          30   3.28919999E-02   5.4404244935258846E-004
          31   3.01194992E-02   5.6001348993630024E-004
          32   2.76040006E-02   5.5620866926786269E-004
          33   2.53209993E-02   5.6676022029052608E-004
          34   2.32705008E-02   5.7612055826935214E-004
          35   2.14159992E-02   5.7829982949607144E-004
          36   1.97330005E-02   5.6573000373684327E-004
          37   1.82124991E-02   5.8706837285447391E-004
          38   1.68375000E-02   6.0028396228206616E-004
          39   1.56060001E-02   5.5699453484151309E-004
          40   1.44924996E-02   5.6536266124885626E-004
          41   1.34885004E-02   6.2507161408794222E-004
          42   1.25954999E-02   5.9373610069396931E-004
          43   1.18079996E-02   5.9591804450935548E-004
          44   1.11125000E-02   6.2703179958437853E-004
          45   1.05079999E-02   6.0685520530090378E-004
          46   9.98250023E-03   6.3376753465983098E-004
          47   9.52250045E-03   6.2860579291053537E-004
          48   9.11500026E-03   6.1051189314989063E-004
          49   8.76150001E-03   6.5662984566690590E-004
          50   8.45899992E-03   6.3893628729398049E-004
          51   8.21200013E-03   6.5231904957501754E-004
          52   8.01299978E-03   6.2678671027234642E-004
          53   7.87299965E-03   6.5109248531382887E-004
          54   7.78299989E-03   6.3409017377851959E-004
          55   7.73950014E-03   6.4177987872775732E-004
