           1  0.476399511       1.0171065421509175E-003
           2  0.450839996       1.0658103774141277E-003
           3  0.426658511       1.0502710465540869E-003
           4  0.403777987       9.8415564756463669E-004
           5  0.382128507       1.0090623374699253E-003
           6  0.361640513       9.8750218496842243E-004
           7  0.342251003       1.0095072533998263E-003
           8  0.323899001       1.0144968213294549E-003
           9  0.306535006       1.0174323577223508E-003
          10  0.290104508       9.6423351102585910E-004
          11  0.274556994       1.0312102323182170E-003
          12  0.259842485       9.8813984956632318E-004
          13  0.245918006       9.6959674520921625E-004
          14  0.232742995       9.6034283345816489E-004
          15  0.220278502       1.0038450299081072E-003
          16  0.208480000       9.2175979009474546E-004
          17  0.197316498       9.3892308363516643E-004
          18  0.186752006       9.1322316761840571E-004
          19  0.176758498       9.3616197623291799E-004
          20  0.167304993       9.4361155673156679E-004
          21  0.158362001       8.9760981801051214E-004
          22  0.149896502       9.0594489063733992E-004
          23  0.141883999       9.0342589777171192E-004
          24  0.134299502       8.6847166759461728E-004
          25  0.127117500       8.7861883791636559E-004
          26  0.120321997       8.5501542108052655E-004
          27  0.113888003       8.6642147100465935E-004
          28  0.107798502       9.1794120546684669E-004
          29  0.102034003       8.4246179451936758E-004
          30   9.65809971E-02   8.6566681883109783E-004
          31   9.14205015E-02   8.6350205610493313E-004
          32   8.65340009E-02   8.7281725516742789E-004
          33   8.19059983E-02   8.8319690009587863E-004
          34   7.75284991E-02   8.6255811852462710E-004
          35   7.33864978E-02   8.5177105857037574E-004
          36   6.94684982E-02   8.8527132395116242E-004
          37   6.57569990E-02   8.2833008172363768E-004
          38   6.22445010E-02   8.4865738822272562E-004
          39   5.89229986E-02   8.3131164962657199E-004
          40   5.57875000E-02   8.9599830719151090E-004
          41   5.28265014E-02   8.9226295600613613E-004
          42   5.00255004E-02   9.0815122366128237E-004
          43   4.73719984E-02   8.2447949181996380E-004
          44   4.48704995E-02   8.7170492496927061E-004
          45   4.25090007E-02   8.7232316914130463E-004
          46   4.02815007E-02   9.0553370959762733E-004
          47   3.81755009E-02   8.7170265776357443E-004
          48   3.61884981E-02   8.9229287627397053E-004
          49   3.43060009E-02   8.6304089840470136E-004
          50   3.25254984E-02   8.8167485931468445E-004
          51   3.08449995E-02   8.8638495047525052E-004
          52   2.92540006E-02   8.8994782873494859E-004
          53   2.77514998E-02   8.7763081643493887E-004
          54   2.63295006E-02   8.6902788842386331E-004
          55   2.49869991E-02   9.1180506283498094E-004
          56   2.37160008E-02   8.9847320560304804E-004
          57   2.25155000E-02   9.1403323218170840E-004
          58   2.13865004E-02   9.1886882843624830E-004
          59   2.03210004E-02   9.2322377291823238E-004
          60   1.93210002E-02   9.2320219418841408E-004
          61   1.83805004E-02   9.3833394611553733E-004
          62   1.74870007E-02   9.1198804675198593E-004
          63   1.66475009E-02   9.4690596934142695E-004
          64   1.58600006E-02   9.3102373277583427E-004
          65   1.51215000E-02   9.6958981999423276E-004
          66   1.44304996E-02   9.1880434404080025E-004
          67   1.37759997E-02   9.6088601693403272E-004
          68   1.31630003E-02   9.3215408618452689E-004
          69   1.25944996E-02   1.0058111295165875E-003
          70   1.20595004E-02   9.6501098977143265E-004
          71   1.15564996E-02   9.9447327476935208E-004
          72   1.10860001E-02   9.8564044107905054E-004
          73   1.06525002E-02   1.0144523782508246E-003
          74   1.02505004E-02   9.9524416595173754E-004
          75   9.87549964E-03   1.0028792787078638E-003
          76   9.52699967E-03   1.0046290701377237E-003
          77   9.20899957E-03   9.8900086419139886E-004
          78   8.91750026E-03   9.7740914660456252E-004
          79   8.64899997E-03   1.0494894213141351E-003
          80   8.40300042E-03   1.0044076339405298E-003
          81   8.19000043E-03   1.0572254633076030E-003
          82   7.99550023E-03   1.0249969474193266E-003
          83   7.82349985E-03   1.0939761047764603E-003
          84   7.67150009E-03   9.8453264662307039E-004
          85   7.54299993E-03   1.0162737533773339E-003
          86   7.44049996E-03   1.0487819252145705E-003
          87   7.36649986E-03   1.0668679588782105E-003
          88   7.31999986E-03   1.0262719737042774E-003
          89   7.29550002E-03   1.0445369784938634E-003
          90   7.29299989E-03   1.0268044795217768E-003
