           1  0.433226496       4.1338385609652681E-004
           2  0.375688493       4.2508202669810821E-004
           3  0.325796515       4.2409268465250395E-004
           4  0.282547504       4.0661367539825453E-004
           5  0.245047003       3.8613140670056272E-004
           6  0.212524995       4.2216173473219582E-004
           7  0.184328005       3.9848326511672478E-004
           8  0.159888998       3.7860810164766566E-004
           9  0.138705999       3.6816179139238499E-004
          10  0.120339997       3.7247065734346315E-004
          11  0.104431503       3.5908861074721704E-004
          12   9.06390026E-02   3.6216635064202727E-004
          13   7.86655024E-02   3.6458032498532748E-004
          14   6.82915002E-02   3.4507078606907225E-004
          15   5.93095012E-02   3.4844490986146650E-004
          16   5.15424982E-02   3.5413005636176598E-004
          17   4.48255017E-02   3.6123851017092140E-004
          18   3.90329994E-02   3.5190118679903474E-004
          19   3.39919999E-02   3.5938991533321742E-004
          20   2.96429992E-02   3.5731727387453688E-004
          21   2.58629993E-02   3.7102955260104201E-004
          22   2.25805007E-02   3.8000778676481261E-004
          23   1.97359994E-02   3.9113718527277797E-004
          24   1.72815006E-02   3.7106603321794074E-004
          25   1.51795000E-02   3.9241089494038487E-004
          26   1.33694997E-02   3.9312422778487387E-004
          27   1.18394997E-02   4.0885018432587942E-004
          28   1.05579998E-02   3.9045861858526964E-004
          29   9.50950012E-03   4.1200600214794060E-004
          30   8.65800027E-03   4.1218965085698190E-004
          31   7.99100008E-03   4.2572346522740502E-004
          32   7.50449998E-03   4.0713800821394664E-004
          33   7.13199982E-03   4.2495447140582693E-004
          34   6.88750017E-03   4.1713426920872649E-004
          35   6.78650010E-03   4.2418148566992060E-004
