           1  0.386256486       2.4450805764322846E-004
           2  0.300995499       2.4194966447247990E-004
           3  0.234577999       2.3739081814069357E-004
           4  0.182820499       2.2583518846564665E-004
           5  0.142491505       2.2228105692041335E-004
           6  0.111111000       2.1183892822220889E-004
           7   8.66689980E-02   2.1214999982460724E-004
           8   6.76070005E-02   2.1299944608774645E-004
           9   5.28344996E-02   2.0945595043112678E-004
          10   4.13790010E-02   2.0846750114296179E-004
          11   3.24699990E-02   2.0572633619922180E-004
          12   2.55434997E-02   2.1782442919724353E-004
          13   2.01309994E-02   2.2610353479094638E-004
          14   1.59684997E-02   2.4027043989975199E-004
          15   1.28090000E-02   2.3325049476878804E-004
          16   1.04189999E-02   2.4298839782838498E-004
          17   8.69700033E-03   2.4976913371070652E-004
          18   7.53099984E-03   2.5057523583098457E-004
          19   6.87899999E-03   2.5628951317567295E-004
          20   6.65949984E-03   2.5195716269684864E-004
