           1  0.447784007       5.2093028428762866E-004
           2  0.400811493       5.5973114918219931E-004
           3  0.358772993       5.1170597855667958E-004
           4  0.321164012       5.2212157582697742E-004
           5  0.287514508       5.4326758563723689E-004
           6  0.257409513       5.0962420267472582E-004
           7  0.230473503       5.2386458666509093E-004
           8  0.206377506       5.1327613371635961E-004
           9  0.184815004       4.8887931731156375E-004
          10  0.165500998       4.7871968893315576E-004
          11  0.148219496       5.1293336489336696E-004
          12  0.132747501       4.6426893560940559E-004
          13  0.118909001       4.9144623022408164E-004
          14  0.106531501       4.5289771436039957E-004
          15   9.54580009E-02   4.6536519150997989E-004
          16   8.55439976E-02   4.4924886722579445E-004
          17   7.66789988E-02   4.5397192391458851E-004
          18   6.87754974E-02   4.5393587168898015E-004
          19   6.17070012E-02   4.4846398219028306E-004
          20   5.53819984E-02   4.6063150962941389E-004
          21   4.97265011E-02   4.5108286033475976E-004
          22   4.46695015E-02   4.5062762466978941E-004
          23   4.01399992E-02   4.4901217391858026E-004
          24   3.60970013E-02   4.6718491270300561E-004
          25   3.24730016E-02   4.7060091191098011E-004
          26   2.92224996E-02   4.6950796726117684E-004
          27   2.63180006E-02   4.7070273157791249E-004
          28   2.37185005E-02   4.5408853583907695E-004
          29   2.13890001E-02   4.8184553116600523E-004
          30   1.93035007E-02   5.0102281942278803E-004
          31   1.74509995E-02   4.9914599158654984E-004
          32   1.58019997E-02   4.8575915860674140E-004
          33   1.43320002E-02   4.8273129847132705E-004
          34   1.30540002E-02   4.9225963989409376E-004
          35   1.19300000E-02   5.0040546058104497E-004
          36   1.09425001E-02   5.0804817662737948E-004
          37   1.00745000E-02   5.1511319611197268E-004
          38   9.33250040E-03   5.1931429625832592E-004
          39   8.71950015E-03   5.1652005500842438E-004
          40   8.20050016E-03   5.3074949987437948E-004
          41   7.77549995E-03   5.3780800697528675E-004
          42   7.45199993E-03   5.3659330465813089E-004
          43   7.21450010E-03   5.3985654145043702E-004
          44   7.04299984E-03   5.3012307228833555E-004
          45   6.97800005E-03   5.5209541771769144E-004
