           1  0.440214992       4.7699767752083008E-004
           2  0.388500988       4.8670911741329354E-004
           3  0.342874497       4.8653641737059027E-004
           4  0.302596986       4.7227952612183201E-004
           5  0.267051011       4.7136239375606239E-004
           6  0.235685006       4.7391683773544336E-004
           7  0.208012506       4.6196007067671793E-004
           8  0.183590502       4.3890551819745664E-004
           9  0.162044495       4.3624506509374879E-004
          10  0.143038005       4.1740234646748804E-004
          11  0.126263499       4.1258211490796714E-004
          12  0.111458004       4.2113487142530966E-004
          13   9.83960032E-02   4.0502626496910249E-004
          14   8.68609995E-02   3.9676612186567765E-004
          15   7.66929984E-02   3.9224107136694153E-004
          16   6.77229986E-02   3.9565283121042083E-004
          17   5.98094985E-02   3.9629131541288673E-004
          18   5.28274998E-02   3.8928931836789977E-004
          19   4.66765016E-02   4.0409172004552985E-004
          20   4.12464999E-02   4.0347101999074070E-004
          21   3.64690013E-02   3.9319112828014701E-004
          22   3.22685018E-02   4.1273511064551690E-004
          23   2.85644997E-02   4.1211311675819006E-004
          24   2.53104996E-02   4.3516568539362526E-004
          25   2.24769991E-02   4.1537373252894361E-004
          26   1.99864991E-02   4.3818753654754835E-004
          27   1.78059991E-02   4.2605202502202179E-004
          28   1.58974994E-02   4.4311652418094997E-004
          29   1.42315002E-02   4.4629286678168260E-004
          30   1.27635002E-02   4.6422050567314864E-004
          31   1.14890002E-02   4.5741213214540457E-004
          32   1.03930002E-02   4.5985903941751663E-004
          33   9.44850035E-03   4.5161279983344595E-004
          34   8.64600018E-03   4.6027903718409946E-004
          35   7.98300002E-03   4.8155201427664107E-004
          36   7.47250021E-03   4.7093264871203794E-004
          37   7.08999997E-03   4.7869191362467711E-004
          38   6.82449993E-03   4.8853539020727297E-004
          39   6.66199997E-03   4.7923778293381417E-004
          40   6.60800003E-03   4.7487161190156845E-004
