           1  0.451968998       5.8765338884066447E-004
           2  0.409001499       5.9026778613533229E-004
           3  0.370111495       5.8880276162567803E-004
           4  0.334921002       5.7833067336074059E-004
           5  0.303093493       5.8618439064700174E-004
           6  0.274301499       5.5979780488551090E-004
           7  0.248250499       5.6572849660728734E-004
           8  0.224667996       5.7178023047694073E-004
           9  0.203326002       5.4538870392523467E-004
          10  0.184007004       5.3755355914928305E-004
          11  0.166541502       5.6132043192578542E-004
          12  0.150713995       5.4671632729512692E-004
          13  0.136395007       5.1891965159910492E-004
          14  0.123440497       5.3935562666085010E-004
          15  0.111716501       5.3961226667430555E-004
          16  0.101121001       5.0034138189883630E-004
          17   9.15289968E-02   5.0083497316192509E-004
          18   8.28635022E-02   5.1648857714925553E-004
          19   7.50394985E-02   5.2843429349306778E-004
          20   6.79690018E-02   5.0604080085725597E-004
          21   6.15805015E-02   5.1742223771056696E-004
          22   5.58039993E-02   5.0342610041216563E-004
          23   5.06020002E-02   5.1242887761644490E-004
          24   4.59159985E-02   5.0997408069599986E-004
          25   4.16795015E-02   5.2008645677196965E-004
          26   3.78565006E-02   4.9654798339953407E-004
          27   3.44140008E-02   5.0301246009072718E-004
          28   3.13210003E-02   5.1815280535638674E-004
          29   2.85174996E-02   5.1029004607478575E-004
          30   2.59875003E-02   5.2742517890907504E-004
          31   2.36984994E-02   5.2939879278788833E-004
          32   2.16370001E-02   5.3132517349471320E-004
          33   1.97669994E-02   5.1750362917320279E-004
          34   1.80750005E-02   5.0944957102734979E-004
          35   1.65480003E-02   5.4454174846554871E-004
          36   1.51840001E-02   5.3272317893609199E-004
          37   1.39619997E-02   5.3054039047531357E-004
          38   1.28600001E-02   5.4760516073294144E-004
          39   1.18624996E-02   5.7821806004551167E-004
          40   1.09730000E-02   5.7996924796296153E-004
          41   1.01760002E-02   5.7803704217114569E-004
          42   9.47850011E-03   6.0827862463256742E-004
          43   8.88200011E-03   5.8933192146868425E-004
          44   8.37749988E-03   6.2713325709553712E-004
          45   7.94850010E-03   5.9698295945535081E-004
          46   7.59200007E-03   6.2618809064191104E-004
          47   7.30049983E-03   5.9174627427560644E-004
          48   7.06999982E-03   6.1122311114693978E-004
          49   6.91949995E-03   6.2087373888255136E-004
          50   6.83500012E-03   5.9973771549038768E-004
