           1  0.472160012       1.0233143896257034E-003
           2  0.445255488       9.3927914322030053E-004
           3  0.419888496       9.8563746269537283E-004
           4  0.395965993       9.6344237949968386E-004
           5  0.373401493       9.6156511280689593E-004
           6  0.352127492       9.4554799213138522E-004
           7  0.332062006       9.6016894444141663E-004
           8  0.313138008       9.4796154156395523E-004
           9  0.295295507       9.6929430051279541E-004
          10  0.278468013       9.0293811355154018E-004
          11  0.262603998       9.2797212171134098E-004
          12  0.247642502       9.2831297619964405E-004
          13  0.233530998       9.2095476605060368E-004
          14  0.220229506       8.8974517834654798E-004
          15  0.207689494       8.7791607754037404E-004
          16  0.195864007       9.2014121897562959E-004
          17  0.184711501       8.7365361076517645E-004
          18  0.174193501       8.5590125659206287E-004
          19  0.164270505       8.7663630334534155E-004
          20  0.154909000       8.4264880126608895E-004
          21  0.146083996       8.4067880948956271E-004
          22  0.137758493       8.5401780264507323E-004
          23  0.129913494       8.1746914998742713E-004
          24  0.122514002       8.0246399757951910E-004
          25  0.115534000       8.3581552756469793E-004
          26  0.108950503       8.3441464392424293E-004
          27  0.102734998       8.0736974913956966E-004
          28   9.68765020E-02   7.9509702067653311E-004
          29   9.13579985E-02   8.1002933563606070E-004
          30   8.61644968E-02   8.2099970423042668E-004
          31   8.12695026E-02   8.3205904208026886E-004
          32   7.66545013E-02   8.0228395452738442E-004
          33   7.23055005E-02   8.0770190119450799E-004
          34   6.82104975E-02   8.0893995864626258E-004
          35   6.43514991E-02   8.0800206745743823E-004
          36   6.07200004E-02   8.1055123569564037E-004
          37   5.73000014E-02   8.3583905690079896E-004
          38   5.40814996E-02   7.8702511036859838E-004
          39   5.10569997E-02   8.1978847096425837E-004
          40   4.82124984E-02   8.0572866509158090E-004
          41   4.55380008E-02   7.9233850095658401E-004
          42   4.30239998E-02   8.0680460153140644E-004
          43   4.06564996E-02   7.7707619416614196E-004
          44   3.84359993E-02   8.1575882259231000E-004
          45   3.63525003E-02   7.9092782477537080E-004
          46   3.43994983E-02   7.9836850712340938E-004
          47   3.25659998E-02   8.1048903796939549E-004
          48   3.08400001E-02   8.2284835343043059E-004
          49   2.92234998E-02   8.4514477205471740E-004
          50   2.77059991E-02   8.3239385428258256E-004
          51   2.62729991E-02   8.2458830042992216E-004
          52   2.49320008E-02   8.3193531608799390E-004
          53   2.36770008E-02   8.6278465002091916E-004
          54   2.24925000E-02   8.1972682522574137E-004
          55   2.13840008E-02   8.4562125779350428E-004
          56   2.03444995E-02   8.3394844807986601E-004
          57   1.93709992E-02   8.4539587685464107E-004
          58   1.84565000E-02   8.5121141216095060E-004
          59   1.75985005E-02   8.4909301688089619E-004
          60   1.67995002E-02   9.0703308279586968E-004
          61   1.60579998E-02   8.3675660444515389E-004
          62   1.53639996E-02   8.9239188268570141E-004
          63   1.47230001E-02   8.5642070438953367E-004
          64   1.41249998E-02   8.8619992230604561E-004
          65   1.35720000E-02   9.2671854102120222E-004
          66   1.30589996E-02   9.0402213230630891E-004
          67   1.25724999E-02   8.8700663101517194E-004
          68   1.21235000E-02   9.3881012102164571E-004
          69   1.17050000E-02   9.3460805452324277E-004
          70   1.13174999E-02   9.2600266609182708E-004
          71   1.09524997E-02   9.3011180479988088E-004
          72   1.06245000E-02   9.6012829937045961E-004
          73   1.03305001E-02   9.5803893375299011E-004
          74   1.00635001E-02   9.4175903110011307E-004
          75   9.82149970E-03   9.9409756228426797E-004
          76   9.60250013E-03   9.8152775726299889E-004
          77   9.41049960E-03   9.8854883995114435E-004
          78   9.23349988E-03   9.2777257492787537E-004
          79   9.08499956E-03   9.3177273508145532E-004
          80   8.95600021E-03   9.6025080338887989E-004
          81   8.85399990E-03   9.5668262503224822E-004
          82   8.77400022E-03   9.5318128434123794E-004
          83   8.72249994E-03   9.8162764757028548E-004
          84   8.69750045E-03   9.3687670397401060E-004
          85   8.69300030E-03   9.5627732929127833E-004
