           1  0.460431486       7.2077885766543015E-004
           2  0.423705012       7.0465334709099165E-004
           3  0.389920503       6.9331934984350461E-004
           4  0.358841002       7.1608079469544651E-004
           5  0.330261499       6.9095339515313884E-004
           6  0.303964496       6.9566267180931119E-004
           7  0.279774010       6.8868159319773910E-004
           8  0.257520497       7.1151802829455427E-004
           9  0.237047493       6.9249849121426159E-004
          10  0.218205005       6.9931497173386311E-004
          11  0.200876504       6.8135564845786902E-004
          12  0.184940994       6.5460592271128428E-004
          13  0.170285001       6.4224864676475134E-004
          14  0.156811506       6.1845325715996653E-004
          15  0.144410998       6.1768331563540741E-004
          16  0.133010507       6.3379030637394863E-004
          17  0.122528501       6.3157238080349838E-004
          18  0.112895504       6.0846379306164690E-004
          19  0.104042500       6.1901281680327167E-004
          20   9.59075019E-02   6.0948071415125649E-004
          21   8.84189978E-02   6.0914892950820717E-004
          22   8.15349966E-02   6.0055906117514922E-004
          23   7.52120018E-02   6.2286396199360812E-004
          24   6.94025010E-02   6.1871431343850142E-004
          25   6.40624985E-02   6.0657890796712919E-004
          26   5.91495000E-02   6.2417962990823342E-004
          27   5.46304993E-02   5.9017033267462092E-004
          28   5.04770018E-02   5.9518318183665716E-004
          29   4.66569997E-02   5.9862706441626758E-004
          30   4.31380011E-02   6.0938963496404174E-004
          31   3.99039984E-02   6.0763388629883185E-004
          32   3.69360000E-02   6.0998017957450564E-004
          33   3.42034996E-02   6.1721573746720119E-004
          34   3.16919982E-02   6.1465333607983936E-004
          35   2.93895006E-02   6.1080681252257568E-004
          36   2.72729993E-02   6.2040140410316513E-004
          37   2.53275000E-02   6.2038098949052849E-004
          38   2.35389993E-02   6.4617079693985271E-004
          39   2.19084993E-02   6.3391634226933526E-004
          40   2.04200000E-02   6.5552003873696365E-004
          41   1.90570001E-02   6.5585310038208922E-004
          42   1.78190004E-02   6.4215467983533433E-004
          43   1.66900009E-02   6.5590661621100512E-004
          44   1.56755000E-02   6.3432640913077651E-004
          45   1.47460001E-02   6.8533155250263226E-004
          46   1.39055001E-02   6.7865839403788658E-004
          47   1.31409997E-02   7.1238623925143124E-004
          48   1.24474997E-02   6.8840341916109231E-004
          49   1.18300002E-02   6.7727728655185440E-004
          50   1.12779997E-02   6.9678155664957447E-004
          51   1.07659996E-02   7.0604050092178280E-004
          52   1.03179999E-02   6.9178101340870983E-004
          53   9.92050022E-03   7.0821237438668902E-004
          54   9.57699958E-03   7.0934446033470405E-004
          55   9.27800033E-03   7.1039275575073804E-004
          56   9.02349968E-03   7.2929483766509052E-004
          57   8.81399959E-03   6.9836522364481171E-004
          58   8.64849985E-03   7.1572291557310313E-004
          59   8.51999968E-03   7.4563288319158864E-004
          60   8.45049974E-03   7.2768313930286603E-004
