           1  0.353752494       1.9629118831213023E-004
           2  0.253862500       1.8809458145079542E-004
           3  0.182198003       1.8734009848095940E-004
           4  0.130758002       1.6935874977859166E-004
           5   9.38834995E-02   1.7248878751288077E-004
           6   6.74844980E-02   1.6613674726484283E-004
           7   4.85564992E-02   1.7167143864984453E-004
           8   3.50119993E-02   1.7443038387179448E-004
           9   2.53819991E-02   1.7969064745875570E-004
          10   1.85634997E-02   1.8714178358316275E-004
          11   1.38074998E-02   1.8774570329204687E-004
          12   1.05529996E-02   2.0321251398152561E-004
          13   8.46800022E-03   2.0833802877728960E-004
          14   7.36400019E-03   2.0335875015876586E-004
          15   7.16549996E-03   2.0499345825890201E-004
