           1  0.464554012       7.8445946121812613E-004
           2  0.430299014       7.6995077720297975E-004
           3  0.398574501       7.9696393663987572E-004
           4  0.369193494       7.4334877654570405E-004
           5  0.341978490       7.4131181864452655E-004
           6  0.316770494       7.4359075907229019E-004
           7  0.293421507       7.3778404492130204E-004
           8  0.271800995       6.7418624391851550E-004
           9  0.251778990       7.2844712007186522E-004
          10  0.233233005       7.5230813423313018E-004
          11  0.216058999       7.0561669584936625E-004
          12  0.200151995       7.2127928393605958E-004
          13  0.185424000       7.3064718907135770E-004
          14  0.171791002       6.7567599181675929E-004
          15  0.159161493       6.8956742767909492E-004
          16  0.147468001       6.6726519500267536E-004
          17  0.136645004       6.5525934822373484E-004
          18  0.126621500       6.4438524297507152E-004
          19  0.117348500       6.5015819747665424E-004
          20  0.108768001       6.2559711032826354E-004
          21  0.100824997       6.3309648190703813E-004
          22   9.34699997E-02   6.4969431928176230E-004
          23   8.66705030E-02   6.5634081994295451E-004
          24   8.03674981E-02   6.6324262278075294E-004
          25   7.45275021E-02   6.3674692727832269E-004
          26   6.91229999E-02   6.3854833604152443E-004
          27   6.41210005E-02   6.3712288187633720E-004
          28   5.94854988E-02   6.3014249700181371E-004
          29   5.51904999E-02   6.4376743821781247E-004
          30   5.12120016E-02   6.6286155372314139E-004
          31   4.75330018E-02   6.6410160383166376E-004
          32   4.41260003E-02   6.4546773435355327E-004
          33   4.09680009E-02   6.3708886375921840E-004
          34   3.80470008E-02   6.5788151714075288E-004
          35   3.53505015E-02   6.4023039293816583E-004
          36   3.28550003E-02   6.4297028835184379E-004
          37   3.05435006E-02   6.4778064912183629E-004
          38   2.84074992E-02   6.7250996574129147E-004
          39   2.64400002E-02   6.4829055353832850E-004
          40   2.46274993E-02   6.9313037781010322E-004
          41   2.29585003E-02   6.6779258726880916E-004
          42   2.14245003E-02   6.8047703875789020E-004
          43   2.00075004E-02   6.8933173231375939E-004
          44   1.87110007E-02   6.8486614567693277E-004
          45   1.75299998E-02   7.0540065363705270E-004
          46   1.64550003E-02   7.0623304429432939E-004
          47   1.54675003E-02   7.1518155449221848E-004
          48   1.45730004E-02   6.8436934195717524E-004
          49   1.37604997E-02   7.3164689956913519E-004
          50   1.30265001E-02   7.4576106468694336E-004
          51   1.23819998E-02   7.4372609581070670E-004
          52   1.17960004E-02   7.3003848554966506E-004
          53   1.12610003E-02   7.6041065317730325E-004
          54   1.07770003E-02   7.7511985442399423E-004
          55   1.03514995E-02   7.5911780945113363E-004
          56   9.97500028E-03   7.5912441743346542E-004
          57   9.64550022E-03   7.7296748774861911E-004
          58   9.35299974E-03   7.7125908054728048E-004
          59   9.10499971E-03   7.5172452089327432E-004
          60   8.89750011E-03   7.9010374554924138E-004
          61   8.73699971E-03   7.3755114943322927E-004
          62   8.61050002E-03   7.8416593052664865E-004
          63   8.51649977E-03   7.8865755745108595E-004
          64   8.45149998E-03   8.1464998122816738E-004
          65   8.41850042E-03   7.7812720468385937E-004
