           1  0.475470990       1.0796720986973305E-003
           2  0.451152503       1.0898202328450939E-003
           3  0.428079486       1.0816563066914030E-003
           4  0.406179994       1.0397614595577202E-003
           5  0.385399014       1.0724212633850712E-003
           6  0.365682006       1.0755071478221875E-003
           7  0.346971989       1.0415247900555863E-003
           8  0.329214513       1.0537065631546080E-003
           9  0.312370509       1.0564942728341290E-003
          10  0.296388507       1.0794744368031240E-003
          11  0.281222999       1.0639454254719966E-003
          12  0.266831011       1.0165650072814008E-003
          13  0.253181010       1.0368395569261826E-003
          14  0.240235493       1.0423365889187727E-003
          15  0.227959499       1.0383908659627496E-003
          16  0.216311499       9.8847857695154979E-004
          17  0.205262005       1.0167790609425225E-003
          18  0.194783002       1.0038343287492541E-003
          19  0.184851006       9.8527320414597687E-004
          20  0.175433502       9.9439175222743644E-004
          21  0.166509002       9.6308901456426416E-004
          22  0.158052996       9.5626504023812444E-004
          23  0.150033504       9.7350524772264507E-004
          24  0.142430499       9.8835081974260044E-004
          25  0.135221004       9.7377639553381293E-004
          26  0.128382996       9.5196325221071120E-004
          27  0.121905498       9.6390783566258564E-004
          28  0.115767002       9.7391732153861109E-004
          29  0.109943502       9.5688479400504191E-004
          30  0.104428999       9.3000713171629602E-004
          31   9.92064998E-02   9.3990810087557226E-004
          32   9.42654982E-02   8.7382679806343399E-004
          33   8.95875022E-02   9.1916272109385775E-004
          34   8.51579979E-02   8.8948469692345423E-004
          35   8.09604973E-02   8.8874678644806275E-004
          36   7.69840032E-02   8.7626011751124099E-004
          37   7.32180029E-02   8.9486454882319055E-004
          38   6.96540028E-02   9.5908659423160061E-004
          39   6.62790015E-02   9.1566976822458890E-004
          40   6.30820021E-02   9.3913961278591540E-004
          41   6.00520000E-02   9.0825730509029774E-004
          42   5.71814999E-02   9.0575634191216369E-004
          43   5.44525012E-02   9.0648113335889510E-004
          44   5.18639982E-02   9.1313477061589316E-004
          45   4.94080000E-02   9.3369103572645126E-004
          46   4.70779985E-02   8.8197310410686840E-004
          47   4.48645018E-02   9.2604882483888140E-004
          48   4.27590013E-02   8.9431753104818790E-004
          49   4.07615006E-02   9.1220508095497387E-004
          50   3.88629995E-02   9.2892102867031003E-004
          51   3.70624997E-02   9.4184050707253955E-004
          52   3.53435017E-02   9.1390562766756030E-004
          53   3.37149985E-02   9.0744839443392383E-004
          54   3.21694985E-02   9.0468214797141677E-004
          55   3.07014994E-02   9.4306860709751866E-004
          56   2.93035004E-02   9.6243856494543096E-004
          57   2.79690009E-02   8.9916995720981533E-004
          58   2.67060008E-02   9.4797000018261653E-004
          59   2.55009998E-02   9.2802056483028454E-004
          60   2.43595000E-02   9.4248960849744419E-004
          61   2.32714992E-02   9.5056523719836718E-004
          62   2.22354997E-02   9.5249591625029073E-004
          63   2.12529991E-02   9.9142512894163297E-004
          64   2.03255005E-02   9.7263588658897944E-004
          65   1.94464996E-02   9.1465942699840296E-004
          66   1.86154991E-02   9.6215330199125003E-004
          67   1.78264994E-02   9.5902684812866200E-004
          68   1.70795005E-02   9.6716044680106056E-004
          69   1.63685009E-02   1.0543780035994000E-003
          70   1.56929996E-02   1.0033871513179700E-003
          71   1.50504997E-02   9.9424228063010444E-004
          72   1.44354999E-02   1.0063035207504372E-003
          73   1.38534997E-02   1.0392110965087398E-003
          74   1.33055001E-02   9.9760462224942324E-004
          75   1.27839996E-02   1.0285258831947267E-003
          76   1.22875003E-02   1.0344019092418278E-003
          77   1.18209999E-02   1.0010262153024633E-003
          78   1.13824997E-02   1.0323005830488873E-003
          79   1.09789995E-02   1.0348864715025463E-003
          80   1.05990004E-02   1.0416735408919282E-003
          81   1.02509996E-02   1.0349811893630664E-003
          82   9.92699992E-03   1.0767875645290041E-003
          83   9.62600019E-03   1.0346800516706813E-003
          84   9.35100019E-03   1.0587204407342585E-003
          85   9.08949971E-03   1.0793112250162180E-003
          86   8.85349978E-03   1.1006653435394972E-003
          87   8.64499994E-03   1.0474359062368798E-003
          88   8.46450031E-03   1.1191331167097124E-003
          89   8.30399990E-03   1.0919554032621801E-003
          90   8.16699956E-03   1.0812235072421331E-003
          91   8.05199984E-03   1.1006615095194841E-003
          92   7.96249975E-03   1.0823047747761502E-003
          93   7.88499974E-03   1.0740600781173517E-003
          94   7.83449970E-03   1.0860361348114295E-003
          95   7.81049998E-03   1.0822860009834594E-003
