           1  0.421888500       3.6243417254247333E-004
           2  0.357178986       3.6603968848808769E-004
           3  0.302404493       3.4643646838358890E-004
           4  0.256060988       3.5537491463338389E-004
           5  0.216832504       3.4306573023755893E-004
           6  0.183606997       3.3804812058060754E-004
           7  0.155461505       3.3782872699351154E-004
           8  0.131623998       3.1976763794186697E-004
           9  0.111435004       3.1250376559355020E-004
          10   9.43389982E-02   2.9869144245451993E-004
          11   7.98709989E-02   3.2185354656131865E-004
          12   6.76309988E-02   3.0623307091587180E-004
          13   5.72734997E-02   3.0882014002220440E-004
          14   4.85079996E-02   3.0374366896471498E-004
          15   4.10990007E-02   3.1515978004988761E-004
          16   3.48169990E-02   3.1259587073375624E-004
          17   2.95230001E-02   2.9981077918866408E-004
          18   2.51084995E-02   3.1796149948642023E-004
          19   2.13635005E-02   3.2796962597478769E-004
          20   1.82470009E-02   3.1635863814973383E-004
          21   1.56129999E-02   3.3670537458115344E-004
          22   1.34349996E-02   3.2869502252057969E-004
          23   1.16689997E-02   3.5221524348700699E-004
          24   1.02490000E-02   3.5251533848796495E-004
          25   9.09650046E-03   3.6221259355533373E-004
          26   8.19899980E-03   3.6516050050312577E-004
          27   7.56100006E-03   3.6630271341898235E-004
          28   7.15199998E-03   3.5743868635862745E-004
          29   6.92699989E-03   3.5578148504358028E-004
          30   6.89599989E-03   3.5496967789205771E-004
