           1  0.470789492       8.9644260166656152E-004
           2  0.442360014       9.0589287746034586E-004
           3  0.415647507       8.8857100261155789E-004
           4  0.390554011       9.4917748631051600E-004
           5  0.366979986       9.1678780325277545E-004
           6  0.344834507       9.2328489737312288E-004
           7  0.324026495       9.0788981721653277E-004
           8  0.304482490       9.4000929411073664E-004
           9  0.286116004       9.1438069989601420E-004
          10  0.268868506       9.0453562638210616E-004
          11  0.252665490       8.6296817858098852E-004
          12  0.237439007       8.7621537676357288E-004
          13  0.223130494       8.8364328262411599E-004
          14  0.209681496       8.4980117710462910E-004
          15  0.197044507       8.3378347006590595E-004
          16  0.185173497       8.3884091808107979E-004
          17  0.174025506       8.2936356862109580E-004
          18  0.163544998       8.5222068003168298E-004
          19  0.153697997       8.2239199519030994E-004
          20  0.144446000       8.1774031240831066E-004
          21  0.135758996       8.2297132585470079E-004
          22  0.127605498       8.0456820085663327E-004
          23  0.119943000       8.1172244103015474E-004
          24  0.112738498       8.2395473500899681E-004
          25  0.105968997       8.0995903742508795E-004
          26   9.96069983E-02   7.8873027963535910E-004
          27   9.36330035E-02   8.1342057514380533E-004
          28   8.80225003E-02   7.9001902904881510E-004
          29   8.27609971E-02   7.8559096379116175E-004
          30   7.78184980E-02   7.5673595592095765E-004
          31   7.31834993E-02   7.6487208375877302E-004
          32   6.88339993E-02   8.1449381785719799E-004
          33   6.47474974E-02   7.9665183264735504E-004
          34   6.09100014E-02   7.6506537777844069E-004
          35   5.73104993E-02   7.4169634003806500E-004
          36   5.39290011E-02   7.8847292918384263E-004
          37   5.07490002E-02   7.8681894958979449E-004
          38   4.77664992E-02   7.7603190646695970E-004
          39   4.49629985E-02   8.1713673399121838E-004
          40   4.23284993E-02   7.6970724198259467E-004
          41   3.98545004E-02   8.0173069979757390E-004
          42   3.75350006E-02   8.3563568360601537E-004
          43   3.53575014E-02   7.9874987737239443E-004
          44   3.33109982E-02   8.1643640088902535E-004
          45   3.13839987E-02   7.7599166665821406E-004
          46   2.95724999E-02   8.1410545330151110E-004
          47   2.78680008E-02   8.1205133519451770E-004
          48   2.62624994E-02   8.1949892494514597E-004
          49   2.47524995E-02   8.1507738618491010E-004
          50   2.33340003E-02   7.9246499469242109E-004
          51   2.19909996E-02   8.3390688377153212E-004
          52   2.07244996E-02   8.3942643543076815E-004
          53   1.95279997E-02   8.4234772757085298E-004
          54   1.84055008E-02   8.6545782495029604E-004
          55   1.73495002E-02   8.4041536016831191E-004
          56   1.63550004E-02   8.0495208967350175E-004
          57   1.54224997E-02   8.4585515498360718E-004
          58   1.45500004E-02   8.6107008316984007E-004
          59   1.37395002E-02   8.9339525818312078E-004
          60   1.29850004E-02   8.7441670036988355E-004
          61   1.22854998E-02   8.6462223431223715E-004
          62   1.16395000E-02   8.8830860762975411E-004
          63   1.10325003E-02   8.6123314166282143E-004
          64   1.04735000E-02   8.7599196633498621E-004
          65   9.95699968E-03   9.1506623056116551E-004
          66   9.48350038E-03   9.2663350192341836E-004
          67   9.04050004E-03   9.1651270908083070E-004
          68   8.63750000E-03   9.0943798723674865E-004
          69   8.27100035E-03   9.3731157393913756E-004
          70   7.93599989E-03   9.0418585506364213E-004
          71   7.63149979E-03   9.0183961330034495E-004
          72   7.36249983E-03   9.3982933361674858E-004
          73   7.12400023E-03   9.3309240578751443E-004
          74   6.90549985E-03   9.2906544029593130E-004
          75   6.71500014E-03   9.9829215502314429E-004
          76   6.55299984E-03   9.2844091144998265E-004
          77   6.41650008E-03   9.1708819927247963E-004
          78   6.30949996E-03   9.5069830424705966E-004
          79   6.22700015E-03   9.6550478694572230E-004
          80   6.17850013E-03   9.4295091640305437E-004
