  0.447280139       1.5918406062391264E-004  0.552871644       2.0298353787028282E-004
  0.485297769       1.7712819700614431E-004  0.378924370       8.9765702537623567E-005
  0.493001997       2.0421479647151253E-004  0.278479069       5.4491224948133773E-005
  0.495740980       2.5936963689528837E-004  0.218977898       3.5871226461914816E-005
  0.497979969       3.1061082008058797E-004  0.180059925       2.5595089859042961E-005
  0.498314589       3.4804145662331788E-004  0.152824610       2.1120574002467178E-005
  0.499581397       4.2034583165465684E-004  0.132681981       1.7727032741942931E-005
  0.498831570       5.0260077561964638E-004  0.117189862       1.4404882290674125E-005
  0.500265718       5.4764795929550410E-004  0.104944326       1.1496465475489848E-005
  0.499468535       5.7444104008809200E-004   9.50077176E-02   1.1091936589870812E-005
  0.499950945       6.4730478460898338E-004   8.67690742E-02   9.5065997739858173E-006
  0.500350237       6.8770721155774546E-004   7.98618868E-02   8.3281210916435319E-006
  0.501542687       7.6872247276580470E-004   7.39627555E-02   7.2558168435786068E-006
  0.499230951       7.9715909837841997E-004   6.88775554E-02   6.8070633347129923E-006
  0.500660896       8.9820402134028912E-004   6.44423366E-02   6.2701121298599965E-006
  0.501046479       9.5103826858730037E-004   6.05519451E-02   5.6356773732525489E-006
  0.500698149       9.6670813741475117E-004   5.70931099E-02   5.2619838326039739E-006
  0.503414094       1.0378776243096797E-003   5.40224500E-02   4.6940536373942895E-006
  0.501106143       1.0953259611444256E-003   5.12467809E-02   4.6204756766463924E-006
  0.499160111       1.1001497600291480E-003   4.87513542E-02   4.1304314572638342E-006
