           1  0.296200007       7.8193826449792587E-004
           2  0.181050003       7.3220569770323187E-004
           3  0.110560000       6.3702919966504199E-004
           4   6.75600022E-02   6.3658386901227894E-004
           5   4.09599990E-02   6.1540154695526527E-004
           6   2.45200004E-02   6.1032413634082728E-004
           7   1.44600002E-02   6.2501835670816254E-004
           8   8.75000004E-03   6.0884786768853943E-004
           9   5.35000023E-03   6.4525640193901894E-004
          10   3.31000006E-03   6.2999271703830721E-004
          11   2.14000000E-03   6.5650334747489360E-004
          12   1.47999998E-03   6.7337253835059304E-004
          13   1.23000005E-03   6.5140239935681046E-004
          14   8.39999993E-04   7.1206448803860995E-004
          15   5.00000024E-04   7.2956156016221847E-004
          16   4.79999988E-04   7.2939196899892800E-004
          17   2.30000005E-04   7.6289174694475965E-004
          18   9.99999975E-06   7.8946358988316804E-004
          19  -2.30000005E-04   7.8269320497617513E-004
          20  -4.99999987E-05   8.0894654785776952E-004
