           1  0.451499999       2.1724984338779307E-003
           2  0.411900014       2.1376652417335450E-003
           3  0.375759989       2.1281803047809695E-003
           4  0.342770010       2.1639950565762837E-003
           5  0.312669992       2.1970000114073162E-003
           6  0.285200000       2.1264928658423156E-003
           7  0.260149986       2.1291417495847014E-003
           8  0.237269998       2.0617794812189246E-003
           9  0.216409996       2.1883739146705008E-003
          10  0.197369993       2.1221652247412526E-003
          11  0.179959998       2.0454634262851608E-003
          12  0.164120004       2.1029344877334373E-003
          13  0.149710000       1.9337956540962967E-003
          14  0.136590004       1.9913463089740488E-003
          15  0.124609999       1.8500872283893311E-003
          16  0.113660000       1.8739231852028342E-003
          17  0.103670001       1.8124760303864004E-003
          18   9.45099965E-02   1.7570106675652770E-003
          19   8.61399993E-02   1.8110557274598857E-003
          20   7.84500018E-02   1.8019146014845268E-003
          21   7.14299977E-02   1.8245521104331096E-003
          22   6.49899989E-02   1.8229274154716037E-003
          23   5.91100007E-02   1.7323915825405794E-003
          24   5.37000000E-02   1.7590626911072741E-003
          25   4.87399995E-02   1.7601107299465367E-003
          26   4.42299992E-02   1.7388032709856362E-003
          27   4.01399992E-02   1.6971067465429363E-003
          28   3.64100002E-02   1.7199609694843083E-003
          29   3.29799987E-02   1.7610449111675639E-003
          30   2.98599992E-02   1.7546017847027767E-003
          31   2.70000007E-02   1.7449458400282901E-003
          32   2.44399998E-02   1.6539148206764793E-003
          33   2.21500006E-02   1.7611479999066560E-003
          34   2.00699996E-02   1.7033264252313966E-003
          35   1.82000007E-02   1.6720692672836559E-003
          36   1.65199991E-02   1.8203442523092950E-003
          37   1.49999997E-02   1.7413709295008206E-003
          38   1.36099998E-02   1.6909087268379456E-003
          39   1.23899998E-02   1.6803164690848201E-003
          40   1.12899998E-02   1.6564212693433390E-003
          41   1.03200004E-02   1.7385829449113291E-003
          42   9.42999963E-03   1.7544449494225369E-003
          43   8.62000044E-03   1.7315250288835839E-003
          44   7.89999962E-03   1.7107016848986157E-003
          45   7.24999979E-03   1.6825031986997128E-003
          46   6.63999980E-03   1.7276648077713909E-003
          47   6.09999988E-03   1.6873877054754160E-003
          48   5.59999980E-03   1.7600902508983897E-003
          49   5.12999995E-03   1.7570461742556650E-003
          50   4.73000016E-03   1.6856385411656964E-003
          51   4.38999990E-03   1.7386483645121297E-003
          52   4.07999987E-03   1.7307786323420683E-003
          53   3.78999999E-03   1.7177920787588028E-003
          54   3.52000003E-03   1.7625712925226353E-003
          55   3.28000006E-03   1.6794293506131890E-003
          56   3.04000010E-03   1.7452371042904042E-003
          57   2.79000006E-03   1.6996421103832027E-003
          58   2.54000002E-03   1.6915634020364912E-003
          59   2.33999989E-03   1.8163688941171974E-003
          60   2.16999999E-03   1.6835295108767335E-003
          61   2.00000009E-03   1.8090810433489114E-003
          62   1.82000000E-03   1.8053888511111397E-003
          63   1.70000002E-03   1.8259452948793146E-003
          64   1.59999996E-03   1.6974289156320435E-003
          65   1.52000005E-03   1.8295966818448225E-003
          66   1.44999998E-03   1.8077362806909480E-003
          67   1.32000004E-03   1.8028162148610324E-003
          68   1.20000006E-03   1.7549537453196043E-003
          69   1.12000003E-03   1.8327555509524583E-003
          70   1.04999996E-03   1.8429437708564990E-003
          71   9.89999971E-04   1.7977617735646430E-003
          72   9.50000016E-04   1.7027178176164163E-003
          73   9.39999998E-04   1.7583798552126952E-003
          74   9.59999976E-04   1.7837697680081752E-003
          75   9.50000016E-04   1.8681498831255436E-003
          76   9.39999998E-04   1.8387433625259978E-003
          77   8.80000007E-04   1.7920311873831705E-003
          78   8.20000016E-04   1.8634999722531662E-003
          79   7.30000029E-04   1.8749198760429078E-003
          80   5.90000011E-04   1.8285657246684928E-003
          81   4.60000010E-04   1.8384238581128532E-003
          82   3.30000010E-04   1.9088058185525315E-003
          83   1.90000006E-04   1.8161027519846187E-003
          84   7.99999980E-05   1.8960231380014730E-003
          85  -3.99999990E-05   1.9471581506230668E-003
          86  -1.40000004E-04   1.8917184980414873E-003
          87  -2.60000001E-04   1.8937410261992290E-003
          88  -3.49999988E-04   2.0452016952998238E-003
          89  -4.49999992E-04   1.9562334706434447E-003
          90  -5.30000019E-04   1.8819793495220615E-003
          91  -5.49999997E-04   2.0696833986813363E-003
          92  -5.60000015E-04   2.1235820133011256E-003
          93  -6.00000028E-04   2.0506200134755531E-003
          94  -5.90000011E-04   2.1489036343592758E-003
          95  -5.39999979E-04   2.0904729486054653E-003
          96  -4.29999985E-04   2.1027363088356112E-003
          97  -3.10000003E-04   2.1098833216277881E-003
          98  -2.09999998E-04   2.2266288697043242E-003
          99  -9.99999975E-05   2.1345414397343169E-003
         100  -1.99999995E-05   2.1250708473428289E-003
         101   1.99999995E-05   2.1105401832331879E-003
         102   1.40000004E-04   2.2126076278301036E-003
         103   2.39999994E-04   2.1367534231763103E-003
         104   3.19999992E-04   2.1552639431667887E-003
         105   3.99999990E-04   2.1530367195148883E-003
         106   5.09999983E-04   2.1484325372491289E-003
         107   6.39999984E-04   2.2592859851843249E-003
         108   7.90000020E-04   2.2607770936515525E-003
         109   9.39999998E-04   2.1935571241896812E-003
         110   1.04999996E-03   2.1812882948848210E-003
