           1  0.459170014       2.4777178458722186E-003
           2  0.422399998       2.2963949856669341E-003
           3  0.388550013       2.2641795832324921E-003
           4  0.357389987       2.3115310951446286E-003
           5  0.328689992       2.3149442756329030E-003
           6  0.302280009       2.3137735803566806E-003
           7  0.277960002       2.2210198873001499E-003
           8  0.255589992       2.2197000455132874E-003
           9  0.234999999       2.2560537785983551E-003
          10  0.216069996       2.1957417036063639E-003
          11  0.198689997       2.0745254166354755E-003
          12  0.182699993       2.0442622305026454E-003
          13  0.167989999       1.9816719746585283E-003
          14  0.154489994       1.9715567103610514E-003
          15  0.142059997       2.0156107270670404E-003
          16  0.130620003       2.0299984732390489E-003
          17  0.120099999       2.0135306614216487E-003
          18  0.110440001       2.0058161137796655E-003
          19  0.101549998       1.9723651790631205E-003
          20   9.33799967E-02   1.9326071069720877E-003
          21   8.58699977E-02   1.8261433018278064E-003
          22   7.90200010E-02   1.9067142340063845E-003
          23   7.27699995E-02   1.9108857427314169E-003
          24   6.70399964E-02   1.8445755841253282E-003
          25   6.17499985E-02   1.7646156241586169E-003
          26   5.69100007E-02   1.8323215532712982E-003
          27   5.24800010E-02   1.7642704275380458E-003
          28   4.83999997E-02   1.8270640358973788E-003
          29   4.46799994E-02   1.7825013314466669E-003
          30   4.12500016E-02   1.8068639592192411E-003
          31   3.80799994E-02   1.6805035360392569E-003
          32   3.51900011E-02   1.6870030522008284E-003
          33   3.25700007E-02   1.6882541897368345E-003
          34   3.01900003E-02   1.7032382932294517E-003
          35   2.80200001E-02   1.7278388642845951E-003
          36   2.60099992E-02   1.7078623708643888E-003
          37   2.41599996E-02   1.7247530701827252E-003
          38   2.24600006E-02   1.7402743860285039E-003
          39   2.09199991E-02   1.6817724708028474E-003
          40   1.95000004E-02   1.7124186242744800E-003
          41   1.82099994E-02   1.6998585045139636E-003
          42   1.70799997E-02   1.6834008733885982E-003
          43   1.59799997E-02   1.7215782497331537E-003
          44   1.49699999E-02   1.6750176644856835E-003
          45   1.39899999E-02   1.7418177387372483E-003
          46   1.30799999E-02   1.7490392349533053E-003
          47   1.21999998E-02   1.7257684602222391E-003
          48   1.13800000E-02   1.7833011760925918E-003
          49   1.06199998E-02   1.8166502844443361E-003
          50   9.94999986E-03   1.7613015159045030E-003
          51   9.32999980E-03   1.7902882872843052E-003
          52   8.75000004E-03   1.8271210953065150E-003
          53   8.19000043E-03   1.7646113172270282E-003
          54   7.66000012E-03   1.7232197044523083E-003
          55   7.18000019E-03   1.7415615720620503E-003
          56   6.73000002E-03   1.7496227391800318E-003
          57   6.26999978E-03   1.7946275245409574E-003
          58   5.84000023E-03   1.8756695528201763E-003
          59   5.39000006E-03   1.7898203862657222E-003
          60   4.96000005E-03   1.8351449484711613E-003
          61   4.54000011E-03   1.8272828719441286E-003
          62   4.12999978E-03   1.8632103665292019E-003
          63   3.78999999E-03   1.9208929034249488E-003
          64   3.47999996E-03   1.8949950687526978E-003
          65   3.19999992E-03   1.9054421743831213E-003
          66   2.92999996E-03   1.8959820447823931E-003
          67   2.71999999E-03   1.9665477606351125E-003
          68   2.52000010E-03   1.8862244649758145E-003
          69   2.34999997E-03   1.9388029248539414E-003
          70   2.18999991E-03   1.9729565920769978E-003
          71   2.00999994E-03   1.9983013460937258E-003
          72   1.81000005E-03   2.0769442719400393E-003
          73   1.62999996E-03   1.9560858593752691E-003
          74   1.44999998E-03   2.0235774135123757E-003
          75   1.27000001E-03   1.9795910250025961E-003
          76   1.09000003E-03   2.0470881177982107E-003
          77   9.10000002E-04   2.0379802362401325E-003
          78   7.99999980E-04   2.1155845202553629E-003
          79   7.30000029E-04   1.9938352486066758E-003
          80   6.50000002E-04   2.0951199757805825E-003
          81   5.60000015E-04   2.1484592829750064E-003
          82   5.20000001E-04   2.0487134534506865E-003
          83   4.60000010E-04   2.1196786538402504E-003
          84   3.80000012E-04   2.1805987730615099E-003
          85   3.19999992E-04   2.1666335816874580E-003
          86   2.60000001E-04   2.1945757228156006E-003
          87   1.99999995E-04   2.1886894186829518E-003
          88   1.10000001E-04   2.2587662786492583E-003
          89   4.99999987E-05   2.2287893885134602E-003
          90  -9.99999975E-06   2.2707964297499004E-003
          91  -7.00000019E-05   2.2432829858636508E-003
          92  -1.19999997E-04   2.1848846828367006E-003
          93  -1.90000006E-04   2.2096463187968930E-003
          94  -2.50000012E-04   2.2541726241324484E-003
          95  -3.19999992E-04   2.2357352174415751E-003
          96  -3.80000012E-04   2.2716366670680072E-003
          97  -4.10000008E-04   2.2623278283596983E-003
          98  -4.60000010E-04   2.2288953448114631E-003
          99  -4.79999988E-04   2.1822898364073778E-003
         100  -5.09999983E-04   2.3092257424519830E-003
         101  -5.49999997E-04   2.2433558336427926E-003
         102  -6.00000028E-04   2.2919714531627450E-003
         103  -6.50000002E-04   2.3350319152455486E-003
         104  -7.50000007E-04   2.2934014554373792E-003
         105  -8.69999989E-04   2.3011969578397760E-003
         106  -9.89999971E-04   2.2954317639909349E-003
         107  -1.15999999E-03   2.3835812147483559E-003
         108  -1.35000004E-03   2.3168111706689419E-003
         109  -1.53999997E-03   2.3503173625152225E-003
         110  -1.70999998E-03   2.2925694064956860E-003
         111  -1.84000004E-03   2.4437016825535202E-003
         112  -1.99000002E-03   2.3798140792381374E-003
         113  -2.16999999E-03   2.4204299598670972E-003
         114  -2.36000004E-03   2.3958989575214623E-003
         115  -2.52000010E-03   2.4371877543911580E-003
         116  -2.71999999E-03   2.4115446812525716E-003
         117  -2.92000012E-03   2.4549697577365198E-003
         118  -3.07999994E-03   2.3387495762950019E-003
         119  -3.22000007E-03   2.4319391423047784E-003
         120  -3.32999998E-03   2.4358060782380688E-003
