           1  0.471839994       3.1706779598636731E-003
           2  0.446310014       2.9953934565261366E-003
           3  0.422170013       3.0540229051388137E-003
           4  0.399320006       3.1408586897218793E-003
           5  0.377700001       3.0529689979199000E-003
           6  0.357250005       3.0098071876914021E-003
           7  0.337929994       2.9417441702154455E-003
           8  0.319660008       3.0440506170416569E-003
           9  0.302379996       2.9092798216905761E-003
          10  0.286040008       2.9588847893969711E-003
          11  0.270599991       2.9754978191355993E-003
          12  0.256000012       2.9675604919994695E-003
          13  0.242200002       2.9165127560704823E-003
          14  0.229139999       2.9836092051032746E-003
          15  0.216780007       2.9052308460081402E-003
          16  0.205070004       2.8796501176031027E-003
          17  0.194000006       2.9092300446149359E-003
          18  0.183500007       2.8371229716616262E-003
          19  0.173590004       2.6880035377016402E-003
          20  0.164230004       2.7574071098459239E-003
          21  0.155379996       2.6864922657102515E-003
          22  0.147019997       2.7372426935708778E-003
          23  0.139090002       2.7084813008042379E-003
          24  0.131589994       2.6516678066340529E-003
          25  0.124490000       2.6959506514667572E-003
          26  0.117749996       2.6554704463117957E-003
          27  0.111359999       2.6998648226809270E-003
          28  0.105300002       2.6701792924735735E-003
          29   9.95500013E-02   2.6106705837413663E-003
          30   9.40999985E-02   2.5486197438021833E-003
          31   8.89400020E-02   2.5221964495055057E-003
          32   8.40400010E-02   2.5387366250920656E-003
          33   7.93899968E-02   2.5159918643389164E-003
          34   7.49799982E-02   2.4589851347782904E-003
          35   7.08199963E-02   2.4858906251289917E-003
          36   6.68699965E-02   2.5424786467428528E-003
          37   6.31200001E-02   2.3630153981891782E-003
          38   5.95699996E-02   2.4437806965274611E-003
          39   5.62000014E-02   2.4419865972613911E-003
          40   5.30200005E-02   2.3215200608488278E-003
          41   5.00099994E-02   2.2835176910485548E-003
          42   4.71699983E-02   2.3905127931709638E-003
          43   4.44899984E-02   2.3891101760910153E-003
          44   4.19600010E-02   2.2777598264048667E-003
          45   3.95700000E-02   2.3489144759867658E-003
          46   3.72899994E-02   2.3977791848174322E-003
          47   3.51499990E-02   2.2145666955198711E-003
          48   3.31300013E-02   2.2689131344715984E-003
          49   3.12300008E-02   2.2903525889168825E-003
          50   2.94499993E-02   2.3126601061805112E-003
          51   2.77600009E-02   2.2907896052325656E-003
          52   2.61700004E-02   2.2265502455243577E-003
          53   2.46699993E-02   2.1432244798848476E-003
          54   2.32599992E-02   2.2505731850925303E-003
          55   2.19400004E-02   2.2603360230202827E-003
          56   2.06899997E-02   2.1637673883816754E-003
          57   1.95300002E-02   2.2789620139173619E-003
          58   1.84199996E-02   2.3732784127144997E-003
          59   1.73599999E-02   2.3427474999026436E-003
          60   1.63599998E-02   2.2101050154197536E-003
          61   1.53999999E-02   2.3212042826899599E-003
          62   1.44800004E-02   2.2705516808154643E-003
          63   1.36000002E-02   2.3638176533930708E-003
          64   1.27499998E-02   2.3549472573115011E-003
          65   1.19399996E-02   2.3664862707365110E-003
          66   1.11900000E-02   2.3878640929613447E-003
          67   1.04700001E-02   2.3228782365811223E-003
          68   9.77000035E-03   2.2523042538843442E-003
          69   9.10000037E-03   2.3549262860174261E-003
          70   8.46999977E-03   2.3851588562117708E-003
          71   7.86000025E-03   2.3574580979097426E-003
          72   7.29000010E-03   2.3966197897301992E-003
          73   6.74000010E-03   2.3632675286206105E-003
          74   6.24000002E-03   2.4340195370519172E-003
          75   5.76000009E-03   2.4195909391870603E-003
          76   5.30999992E-03   2.4964843514915644E-003
          77   4.88999998E-03   2.4254979719675867E-003
          78   4.48000012E-03   2.4800779786986657E-003
          79   4.08999994E-03   2.3725277844181890E-003
          80   3.71000008E-03   2.4107601151608744E-003
          81   3.34000005E-03   2.5165184013639652E-003
          82   3.01000010E-03   2.4934280709486261E-003
          83   2.70000007E-03   2.4281333733830279E-003
          84   2.40999996E-03   2.4917269848127102E-003
          85   2.15000007E-03   2.4432023493806288E-003
          86   1.91999995E-03   2.4822763745214168E-003
          87   1.70000002E-03   2.4375828854534868E-003
          88   1.50000001E-03   2.5442888126971110E-003
          89   1.33999996E-03   2.4524824422393512E-003
          90   1.20000006E-03   2.4384951532139122E-003
          91   1.06000004E-03   2.4743336925478411E-003
          92   9.39999998E-04   2.5834869692825738E-003
          93   8.39999993E-04   2.4914045946083413E-003
          94   7.50000007E-04   2.4385586815086255E-003
          95   6.69999979E-04   2.4935490125198418E-003
          96   6.00000028E-04   2.5849089500275470E-003
          97   5.20000001E-04   2.5558601932709093E-003
          98   4.69999999E-04   2.5159639584417465E-003
          99   4.40000003E-04   2.5962621062597612E-003
         100   4.10000008E-04   2.6239069905057352E-003
         101   3.99999990E-04   2.5271336945485220E-003
         102   3.90000001E-04   2.5370254371842368E-003
         103   3.90000001E-04   2.6752566279853855E-003
         104   3.99999990E-04   2.5445094598266671E-003
         105   4.29999985E-04   2.4793595335607377E-003
         106   4.60000010E-04   2.4068417682928419E-003
         107   5.00000024E-04   2.5908401984106625E-003
         108   5.60000015E-04   2.5920475893726341E-003
         109   6.20000006E-04   2.5553982988585433E-003
         110   7.09999993E-04   2.4897561491001099E-003
         111   8.09999998E-04   2.6051381142332989E-003
         112   9.20000020E-04   2.6958658490913107E-003
         113   1.04000000E-03   2.6000353475479415E-003
         114   1.13999995E-03   2.6754697002141395E-003
         115   1.27000001E-03   2.5939507278741059E-003
         116   1.39999995E-03   2.6015919281704540E-003
         117   1.53000001E-03   2.5300121714569388E-003
         118   1.67000003E-03   2.5387031709937836E-003
         119   1.82999996E-03   2.5645222099534111E-003
         120   2.00999994E-03   2.7028055599200669E-003
         121   2.15999992E-03   2.7034512590733287E-003
         122   2.33000005E-03   2.6734691054606757E-003
         123   2.51000002E-03   2.7114041206156526E-003
         124   2.67999992E-03   2.5959467190145870E-003
         125   2.86999997E-03   2.7059308931282472E-003
         126   3.06000002E-03   2.6758954777480852E-003
         127   3.23999999E-03   2.6626190135572245E-003
         128   3.40000005E-03   2.7762944716841855E-003
         129   3.56000010E-03   2.7061255472577801E-003
         130   3.71000008E-03   2.7669871763568400E-003
         131   3.86000006E-03   2.8042491072640999E-003
         132   4.00999980E-03   2.6897106247426722E-003
         133   4.13999986E-03   2.8977694720145326E-003
         134   4.26999992E-03   2.7666126906671284E-003
         135   4.37999982E-03   2.9137696775551674E-003
         136   4.43999982E-03   2.7517644013625481E-003
         137   4.47000004E-03   2.7929454351011416E-003
         138   4.47000004E-03   2.8853988980461322E-003
         139   4.44999989E-03   2.9454685918397813E-003
         140   4.41000005E-03   2.9335255226113025E-003
         141   4.33999998E-03   2.9618590720648674E-003
         142   4.25000023E-03   2.9004502349587020E-003
         143   4.12999978E-03   2.9291769170958302E-003
         144   3.98000004E-03   2.9122164287765395E-003
         145   3.80999991E-03   2.9193375281466125E-003
         146   3.64000001E-03   2.8841567834116473E-003
         147   3.44999996E-03   2.9215872654821456E-003
         148   3.25000007E-03   3.1092441327516423E-003
         149   3.07999994E-03   3.0576958690429297E-003
         150   2.91000004E-03   2.9884739741799491E-003
         151   2.76000006E-03   3.0159024469487701E-003
         152   2.60000001E-03   3.0583320207818784E-003
         153   2.46000011E-03   3.0838685884315375E-003
         154   2.33000005E-03   2.9761759588274781E-003
         155   2.19999999E-03   3.1449972405177455E-003
         156   2.06999993E-03   3.1527815283044179E-003
         157   1.93999999E-03   3.0698154767055032E-003
         158   1.81000005E-03   3.0487207833458287E-003
         159   1.68999995E-03   3.0954529507581283E-003
         160   1.58000004E-03   3.0268808893339286E-003
         161   1.47999998E-03   3.0076204925460976E-003
         162   1.36999995E-03   3.0491823904507578E-003
         163   1.30000000E-03   3.0722375677466160E-003
         164   1.21999998E-03   3.0244578875895335E-003
         165   1.12000003E-03   3.0219315351555378E-003
         166   1.04000000E-03   3.1510007849242499E-003
         167   9.69999994E-04   3.0899132956603050E-003
         168   9.10000002E-04   3.0091732595928069E-003
         169   8.50000011E-04   3.1509782894108555E-003
         170   8.09999998E-04   3.1344934398125413E-003
         171   7.60000024E-04   3.1482839165596671E-003
         172   7.20000011E-04   3.1712762835157623E-003
         173   6.60000020E-04   3.0201241798945644E-003
         174   6.00000028E-04   3.0682198581952372E-003
         175   5.69999975E-04   3.0892525514630525E-003
         176   5.09999983E-04   3.0970235054374727E-003
         177   4.40000003E-04   2.9806651086019425E-003
         178   3.49999988E-04   3.0281054034059971E-003
         179   2.30000005E-04   3.1222809189175886E-003
         180   9.99999975E-05   3.0450066099717943E-003
