           1  0.432949990       1.7790750610869872E-003
           2  0.375310004       1.6920455452928832E-003
           3  0.325340003       1.6538847947997648E-003
           4  0.282009989       1.6642103011797181E-003
           5  0.244540006       1.5345561708045114E-003
           6  0.212160006       1.4884862455939172E-003
           7  0.184159994       1.4814929319430428E-003
           8  0.159840003       1.4421664848334025E-003
           9  0.138740003       1.4012343224773743E-003
          10  0.120490000       1.3953573877652384E-003
          11  0.104709998       1.4232286750474664E-003
          12   9.10200030E-02   1.4129170498181937E-003
          13   7.91400000E-02   1.4236804131989931E-003
          14   6.87699988E-02   1.4008403361708134E-003
          15   5.97800016E-02   1.3255607149774071E-003
          16   5.20099998E-02   1.3054920201070964E-003
          17   4.52699997E-02   1.3583987345540361E-003
          18   3.94599997E-02   1.2899658331987955E-003
          19   3.43099982E-02   1.2883709752149744E-003
          20   2.98400000E-02   1.3282127860899070E-003
          21   2.59099994E-02   1.3536123437840992E-003
          22   2.25600004E-02   1.3060835085905794E-003
          23   1.95899997E-02   1.2788743509141141E-003
          24   1.69500001E-02   1.3228448041065317E-003
          25   1.46500003E-02   1.2664387026427295E-003
          26   1.26900002E-02   1.3230938024734497E-003
          27   1.09500000E-02   1.2502238248832491E-003
          28   9.46000032E-03   1.2890764089906923E-003
          29   8.20000004E-03   1.2546241399211254E-003
          30   7.08999997E-03   1.2699439461788225E-003
          31   6.15999987E-03   1.3040106256845549E-003
          32   5.30999992E-03   1.2962898245445699E-003
          33   4.53000003E-03   1.3280723402002011E-003
          34   3.84999998E-03   1.2767804096157763E-003
          35   3.29999998E-03   1.3034490148506133E-003
          36   2.76000006E-03   1.2783939245328453E-003
          37   2.33999989E-03   1.2844443925285993E-003
          38   1.90999999E-03   1.3266928527927175E-003
          39   1.55000004E-03   1.3419355115653481E-003
          40   1.20000006E-03   1.3299964999063569E-003
          41   8.09999998E-04   1.3232170153162626E-003
          42   4.90000006E-04   1.2955135827836571E-003
          43   1.99999995E-04   1.3512258120699056E-003
          44  -9.99999975E-05   1.4095922812640911E-003
          45  -3.99999990E-04   1.3985120502292897E-003
          46  -6.20000006E-04   1.3809609826045878E-003
          47  -7.69999984E-04   1.4409024386977112E-003
          48  -9.69999994E-04   1.4579223325525941E-003
          49  -1.16999994E-03   1.4288872957763110E-003
          50  -1.39999995E-03   1.4173631845754346E-003
          51  -1.53999997E-03   1.4418916907370414E-003
          52  -1.62999996E-03   1.4501016264400781E-003
          53  -1.71999994E-03   1.4932767879527944E-003
          54  -1.82999996E-03   1.5312142261106241E-003
          55  -1.85000000E-03   1.4385908056451190E-003
          56  -1.84000004E-03   1.5341930936356037E-003
          57  -1.85000000E-03   1.4981376207743372E-003
          58  -1.79000001E-03   1.5029407317762886E-003
          59  -1.76999997E-03   1.5592258567265545E-003
          60  -1.79000001E-03   1.6376770164569100E-003
          61  -1.85000000E-03   1.5608964093000489E-003
          62  -1.84000004E-03   1.6239231412845064E-003
          63  -1.79000001E-03   1.6502328051599185E-003
          64  -1.76999997E-03   1.6107218826564252E-003
          65  -1.76999997E-03   1.6250031238968562E-003
          66  -1.76999997E-03   1.7193726675878900E-003
          67  -1.76999997E-03   1.6741462031086985E-003
          68  -1.78000005E-03   1.7132946383363278E-003
          69  -1.79000001E-03   1.6622021568032678E-003
          70  -1.78000005E-03   1.6539532166270716E-003
