           1  0.437880009       1.8296887202677982E-003
           2  0.386119992       1.7500541723195866E-003
           3  0.340409994       1.7885130505543528E-003
           4  0.300099999       1.8112357374629341E-003
           5  0.264550000       1.6724373522779071E-003
           6  0.233190000       1.7508745694331976E-003
           7  0.205530003       1.6556000433598091E-003
           8  0.181170002       1.6093942600547120E-003
           9  0.159700006       1.5979186400057758E-003
          10  0.140799999       1.5292397452079094E-003
          11  0.124119997       1.4889783198205545E-003
          12  0.109439999       1.5189152638504359E-003
          13   9.64400023E-02   1.5222978065246675E-003
          14   8.49900022E-02   1.5177148382069302E-003
          15   7.49600008E-02   1.4351039448112820E-003
          16   6.61500022E-02   1.4444427564758357E-003
          17   5.83400019E-02   1.3965510764117933E-003
          18   5.14600016E-02   1.3908786742008340E-003
          19   4.54000011E-02   1.3718487542264102E-003
          20   4.00100015E-02   1.3674177108911215E-003
          21   3.51999998E-02   1.3341988245487318E-003
          22   3.10399998E-02   1.3564945273502546E-003
          23   2.73100007E-02   1.3691443321566764E-003
          24   2.39899997E-02   1.3480261059318345E-003
          25   2.10400000E-02   1.3445689521383579E-003
          26   1.84700005E-02   1.3154977271745134E-003
          27   1.62400007E-02   1.4063148176155936E-003
          28   1.42099997E-02   1.3616067802361043E-003
          29   1.23699997E-02   1.3615967265844142E-003
          30   1.07500004E-02   1.3916327482546087E-003
          31   9.30000003E-03   1.3962292809317821E-003
          32   7.98999984E-03   1.4297765818730732E-003
          33   6.87000016E-03   1.3677610152434774E-003
          34   5.81000000E-03   1.3993115007542615E-003
          35   4.88999998E-03   1.3821112765453978E-003
          36   4.06000018E-03   1.3705210421617569E-003
          37   3.37000005E-03   1.3514743024960736E-003
          38   2.79999990E-03   1.3779177158092584E-003
          39   2.33999989E-03   1.3763059335563958E-003
          40   1.91999995E-03   1.3766562905055406E-003
          41   1.59000000E-03   1.3908787273402611E-003
          42   1.35999999E-03   1.4295334264245875E-003
          43   1.07999996E-03   1.3688152345910653E-003
          44   8.20000016E-04   1.3746724649420835E-003
          45   5.39999979E-04   1.3419752457557062E-003
          46   2.69999990E-04   1.3694187714023540E-003
          47   0.00000000       1.4144535797557271E-003
          48  -2.39999994E-04   1.3837134016907689E-003
          49  -5.20000001E-04   1.4032999122702682E-003
          50  -8.09999998E-04   1.4631835580160507E-003
          51  -1.06000004E-03   1.4176638049840146E-003
          52  -1.26000005E-03   1.4711666310656365E-003
          53  -1.39999995E-03   1.4591647768034638E-003
          54  -1.49000005E-03   1.4934474547862789E-003
          55  -1.50999997E-03   1.4424394465314930E-003
          56  -1.52000005E-03   1.5274083059429555E-003
          57  -1.44999998E-03   1.5298839563982964E-003
          58  -1.35999999E-03   1.5035720936838171E-003
          59  -1.30000000E-03   1.5485351454349119E-003
          60  -1.29000004E-03   1.5489701245760845E-003
          61  -1.30999996E-03   1.6750608594963028E-003
          62  -1.30000000E-03   1.5878336350929924E-003
          63  -1.35999999E-03   1.6389589563605255E-003
          64  -1.38999999E-03   1.6818606208507695E-003
          65  -1.39999995E-03   1.6343970294556800E-003
          66  -1.44999998E-03   1.6770062743868292E-003
          67  -1.50000001E-03   1.7900206144248812E-003
          68  -1.49000005E-03   1.6909996700433852E-003
          69  -1.42999995E-03   1.6900398414008235E-003
          70  -1.39999995E-03   1.7171402400920591E-003
          71  -1.41999999E-03   1.7457969567385608E-003
          72  -1.44999998E-03   1.7747055583724790E-003
          73  -1.42999995E-03   1.7295458090738596E-003
          74  -1.38999999E-03   1.8206675375614890E-003
          75  -1.38000003E-03   1.7597910492078745E-003
          76  -1.33999996E-03   1.8052385910005593E-003
          77  -1.30000000E-03   1.7468434663938390E-003
          78  -1.23000005E-03   1.7718018948621865E-003
          79  -1.20000006E-03   1.8594778851525485E-003
          80  -1.21000002E-03   1.7770421445490827E-003
