           1  0.385679990       1.1915073857522804E-003
           2  0.300379992       1.1156949782722486E-003
           3  0.233909994       1.0754515976242102E-003
           4  0.182180002       1.0477247670501618E-003
           5  0.141800001       1.0402758882606124E-003
           6  0.110430002       9.6052279645704615E-004
           7   8.59699994E-02   9.4582399924821741E-004
           8   6.68699965E-02   9.1261177462224116E-004
           9   5.21100014E-02   9.4318703596010529E-004
          10   4.06700000E-02   9.1564987972590480E-004
          11   3.16700004E-02   9.3859211127988616E-004
          12   2.46900003E-02   9.4213740672661529E-004
          13   1.93600003E-02   9.3265093936860833E-004
          14   1.50400000E-02   9.8901492580778468E-004
          15   1.18899997E-02   9.5345047718596631E-004
          16   9.53000039E-03   9.3889002593234943E-004
          17   7.79000018E-03   9.5229705687271905E-004
          18   6.58999989E-03   9.5012827246529800E-004
          19   5.53999981E-03   9.8202615589550982E-004
          20   4.65000002E-03   9.3442474059898372E-004
          21   4.16000001E-03   9.7787974093615278E-004
          22   3.71999992E-03   9.2082323001768586E-004
          23   3.28999991E-03   1.0014244869848241E-003
          24   2.88999989E-03   9.5551505071248596E-004
          25   2.60000001E-03   1.0207575008758663E-003
          26   2.46999995E-03   1.0116512434649894E-003
          27   2.25999998E-03   9.9098024534995327E-004
          28   2.06000009E-03   1.0159053176022673E-003
          29   1.94999995E-03   9.8102722791852215E-004
          30   1.85999996E-03   1.0562116117138029E-003
          31   1.90000003E-03   1.0414238012535566E-003
          32   1.79000001E-03   1.0351693010000208E-003
          33   1.73000002E-03   1.0794302849993632E-003
          34   1.70000002E-03   1.1151762739952582E-003
          35   1.70000002E-03   1.1321607585972654E-003
          36   1.53999997E-03   1.1480152615078337E-003
          37   1.44999998E-03   1.1471172164415745E-003
          38   1.64999999E-03   1.1231400406952830E-003
          39   1.73999998E-03   1.0749782705173304E-003
          40   1.59000000E-03   1.1363298921348575E-003
