           1  0.467889994       2.7698469640484503E-003
           2  0.440939993       2.7981089712645945E-003
           3  0.415509999       2.8202960253726644E-003
           4  0.391530007       2.8165274577057536E-003
           5  0.368910015       2.7359539581744761E-003
           6  0.347579986       2.7386441876386439E-003
           7  0.327470005       2.7142090802474766E-003
           8  0.308499992       2.6981767459024410E-003
           9  0.290619999       2.6483026301954977E-003
          10  0.273779988       2.7474944771886211E-003
          11  0.257900000       2.6947058142887700E-003
          12  0.242939994       2.6572486828249052E-003
          13  0.228850007       2.6795382648042510E-003
          14  0.215550005       2.6439286882150481E-003
          15  0.203030005       2.5889301592298430E-003
          16  0.191229999       2.5218408977813267E-003
          17  0.180120006       2.5118012439586776E-003
          18  0.169630006       2.4830021842451046E-003
          19  0.159730002       2.5221387307050886E-003
          20  0.150399998       2.4919500533294760E-003
          21  0.141580001       2.4702323920632674E-003
          22  0.133269995       2.4160145050361194E-003
          23  0.125410005       2.3628313705427598E-003
          24  0.118000001       2.4387388571178456E-003
          25  0.111019999       2.4904521983696542E-003
          26  0.104429998       2.4206136571392374E-003
          27   9.82099995E-02   2.4291480477003032E-003
          28   9.23599973E-02   2.3981659215000029E-003
          29   8.68399963E-02   2.3468212497084547E-003
          30   8.16499963E-02   2.3838608297006782E-003
          31   7.67399967E-02   2.3497790430564319E-003
          32   7.21200034E-02   2.3160765846372833E-003
          33   6.77599981E-02   2.2664856998880667E-003
          34   6.36499971E-02   2.2932032144876622E-003
          35   5.97499982E-02   2.3423602418579477E-003
          36   5.60799986E-02   2.2748211292876268E-003
          37   5.26200011E-02   2.3388697578858963E-003
          38   4.93299998E-02   2.3664358119601108E-003
          39   4.62599993E-02   2.2460240418531738E-003
          40   4.33700010E-02   2.2970073650797089E-003
          41   4.06499989E-02   2.2922041047061538E-003
          42   3.80900018E-02   2.3714528501205534E-003
          43   3.56799997E-02   2.3190876397155467E-003
          44   3.34100015E-02   2.2486543635697148E-003
          45   3.12899984E-02   2.3050210674106391E-003
          46   2.93099992E-02   2.2190041167578995E-003
          47   2.74599995E-02   2.3961623387690947E-003
          48   2.57300008E-02   2.2790061873093270E-003
          49   2.41199993E-02   2.2453144547775572E-003
          50   2.26000007E-02   2.3157324941075032E-003
          51   2.11900007E-02   2.2675953067190346E-003
          52   1.98599994E-02   2.2887437244721426E-003
          53   1.86199993E-02   2.3396363823131182E-003
          54   1.74599998E-02   2.2596701888828708E-003
          55   1.63499992E-02   2.2588547610983317E-003
          56   1.53299998E-02   2.2681895632008344E-003
          57   1.43799996E-02   2.3152518249110318E-003
          58   1.34800002E-02   2.3462537135131175E-003
          59   1.26700001E-02   2.3268949477546074E-003
          60   1.19099999E-02   2.2835554075061331E-003
          61   1.12199998E-02   2.2687850833294867E-003
          62   1.05699999E-02   2.3563710404564554E-003
          63   9.97999962E-03   2.3940980616975571E-003
          64   9.42999963E-03   2.2467959392072421E-003
          65   8.91999993E-03   2.3289464602113947E-003
          66   8.44999962E-03   2.2885052419895496E-003
          67   8.01999960E-03   2.3147667253888425E-003
          68   7.61000020E-03   2.3011118681375542E-003
          69   7.24000018E-03   2.3397152598822494E-003
          70   6.91000000E-03   2.3580162167186826E-003
          71   6.57999981E-03   2.3125608931979704E-003
          72   6.26000017E-03   2.3756965235400391E-003
          73   5.97999990E-03   2.3687496447418778E-003
          74   5.71999978E-03   2.3394363381638826E-003
          75   5.46000013E-03   2.3126565179073457E-003
          76   5.22999978E-03   2.2328749016342015E-003
          77   5.03000012E-03   2.3600279524263468E-003
          78   4.84000007E-03   2.3403438657437518E-003
          79   4.67999978E-03   2.2757179646170074E-003
          80   4.54000011E-03   2.3550683352843885E-003
          81   4.41000005E-03   2.3249774031043834E-003
          82   4.31000022E-03   2.2754066856337908E-003
          83   4.22000000E-03   2.2949940485875188E-003
          84   4.12000017E-03   2.3670889092664424E-003
          85   4.01999988E-03   2.3371366516398368E-003
          86   3.90999997E-03   2.3212072954981941E-003
          87   3.78999999E-03   2.4078562502933506E-003
          88   3.65999993E-03   2.3678447475482022E-003
          89   3.53999995E-03   2.3884420633929091E-003
          90   3.43000004E-03   2.4310496666109082E-003
          91   3.31999990E-03   2.3114948238610379E-003
          92   3.21000000E-03   2.3715996452171356E-003
          93   3.12000001E-03   2.3617622112161534E-003
          94   3.01999995E-03   2.4651124857524354E-003
          95   2.92999996E-03   2.3670622442242646E-003
          96   2.85999989E-03   2.3226227224872136E-003
          97   2.79000006E-03   2.5207928935891007E-003
          98   2.71999999E-03   2.4234265215252486E-003
          99   2.64000008E-03   2.3945926909498621E-003
         100   2.55999994E-03   2.3648226308637518E-003
         101   2.49000010E-03   2.3727412746152306E-003
         102   2.42000003E-03   2.4424371648526320E-003
         103   2.34999997E-03   2.3802539414285468E-003
         104   2.27999990E-03   2.4841619335491069E-003
         105   2.19999999E-03   2.4804173711690980E-003
         106   2.12000008E-03   2.3874380834589038E-003
         107   2.05000001E-03   2.3832692001726267E-003
         108   1.99000002E-03   2.4778513611662754E-003
         109   1.96000002E-03   2.4927454671324041E-003
         110   1.93000003E-03   2.5247380697725292E-003
         111   1.91999995E-03   2.4556780988810056E-003
         112   1.93999999E-03   2.4188285594941563E-003
         113   1.99000002E-03   2.4624305690164952E-003
         114   2.03000009E-03   2.5095513331166780E-003
         115   2.09999993E-03   2.4451447009320552E-003
         116   2.18999991E-03   2.5699512072926817E-003
         117   2.27999990E-03   2.3981657681364814E-003
         118   2.36999989E-03   2.5464605079729362E-003
         119   2.46999995E-03   2.4047824899821870E-003
         120   2.58000009E-03   2.4365757542706935E-003
         121   2.67999992E-03   2.4880463129756409E-003
         122   2.77999998E-03   2.5182985623396809E-003
         123   2.83999997E-03   2.4993225489762573E-003
         124   2.88999989E-03   2.3989084063789994E-003
         125   2.92999996E-03   2.5095127118726786E-003
         126   2.95999995E-03   2.5076388016279580E-003
         127   2.98999995E-03   2.3513114600417126E-003
         128   3.04000010E-03   2.4278400194025131E-003
         129   3.09000001E-03   2.4702834002419669E-003
         130   3.15000000E-03   2.4084949765408800E-003
         131   3.21000000E-03   2.5191862877996908E-003
         132   3.28000006E-03   2.5289913603853032E-003
         133   3.34000005E-03   2.5169296754095571E-003
         134   3.40000005E-03   2.5350360777863382E-003
         135   3.44999996E-03   2.5012523518281346E-003
         136   3.52000003E-03   2.5384332111487626E-003
         137   3.58000002E-03   2.4373749016595421E-003
         138   3.62000009E-03   2.4948652433784278E-003
         139   3.64000001E-03   2.4980391713886286E-003
         140   3.67000001E-03   2.5146545154757318E-003
         141   3.71999992E-03   2.6082366930844023E-003
         142   3.75999999E-03   2.5626512593352009E-003
         143   3.80000006E-03   2.5771468744072174E-003
         144   3.84999998E-03   2.6008033700259461E-003
         145   3.87999997E-03   2.6685898593361295E-003
         146   3.90999997E-03   2.5394828607376812E-003
         147   3.92000005E-03   2.6255466270976848E-003
         148   3.94999981E-03   2.5022893863277844E-003
         149   4.00000019E-03   2.5639774007304166E-003
         150   4.05000011E-03   2.6774331817294109E-003
         151   4.06999979E-03   2.6940677262465998E-003
         152   4.11000010E-03   2.7330579192504922E-003
         153   4.13999986E-03   2.7102309714321809E-003
         154   4.19999985E-03   2.7042085420420827E-003
         155   4.24000015E-03   2.6532763543802196E-003
         156   4.27999999E-03   2.7112306055925503E-003
         157   4.32999991E-03   2.6623395368808589E-003
         158   4.37000021E-03   2.6663570332501542E-003
         159   4.43000020E-03   2.6479509276581643E-003
         160   4.48000012E-03   2.6515727194300330E-003
         161   4.49999981E-03   2.7168202954540059E-003
         162   4.50999988E-03   2.6895866049701416E-003
         163   4.50999988E-03   2.6366879622250184E-003
         164   4.49999981E-03   2.8252832668052398E-003
         165   4.49000020E-03   2.7071764353899246E-003
         166   4.48000012E-03   2.7029468292932568E-003
         167   4.45999997E-03   2.6823259200203747E-003
         168   4.43000020E-03   2.8429405147697745E-003
         169   4.38999990E-03   2.7503289612970856E-003
         170   4.32999991E-03   2.7368633618265904E-003
