           1  0.473720014       3.3977445981948099E-003
           2  0.450540006       3.5289513324352866E-003
           3  0.428499997       3.3111335769694505E-003
           4  0.407550007       3.3660142231867166E-003
           5  0.387629986       3.3360924485435410E-003
           6  0.368680000       3.3322766396004554E-003
           7  0.350679994       3.4830120012143599E-003
           8  0.333559990       3.4011884754384597E-003
           9  0.317299992       3.3112613853482726E-003
          10  0.301840007       3.3404828376645281E-003
          11  0.287140012       3.2548800021853616E-003
          12  0.273169994       3.3036725079930883E-003
          13  0.259900004       3.1569862810302820E-003
          14  0.247270003       3.2299470163027490E-003
          15  0.235249996       3.2366278712548297E-003
          16  0.223820001       3.1728969338050573E-003
          17  0.212950006       3.1972196781671460E-003
          18  0.202629998       3.0502641602838118E-003
          19  0.192809999       3.1337302600281483E-003
          20  0.183479995       3.0621452986271270E-003
          21  0.174600005       3.1337081208608758E-003
          22  0.166160002       3.1519802866270554E-003
          23  0.158130005       2.9530860176139595E-003
          24  0.150480002       2.9353237285160354E-003
          25  0.143199995       2.9543974682440977E-003
          26  0.136289999       2.9418172198720561E-003
          27  0.129710004       2.7828682234927789E-003
          28  0.123429999       2.8164905621073460E-003
          29  0.117470004       2.8216140462357883E-003
          30  0.111790001       2.8382879160487613E-003
          31  0.106389999       2.7613892079281096E-003
          32  0.101250000       2.9036478494708848E-003
          33   9.63499993E-02   2.8165039209650262E-003
          34   9.16899964E-02   2.7119906888096344E-003
          35   8.72500017E-02   2.7989002062966980E-003
          36   8.30100030E-02   2.7277687935522146E-003
          37   7.89899975E-02   2.6036275765393981E-003
          38   7.51599967E-02   2.8110744442125064E-003
          39   7.15000033E-02   2.7297739627524615E-003
          40   6.80200011E-02   2.6395032743321820E-003
          41   6.47000000E-02   2.5593596225948366E-003
          42   6.15499988E-02   2.6896312146917271E-003
          43   5.85700013E-02   2.6330283919447544E-003
          44   5.57399988E-02   2.5825042893859148E-003
          45   5.30500002E-02   2.6085767406512856E-003
          46   5.05000018E-02   2.5014328105565312E-003
          47   4.80899997E-02   2.5442057556263114E-003
          48   4.58099991E-02   2.5445778190380294E-003
          49   4.36500013E-02   2.7489089036635459E-003
          50   4.15900014E-02   2.6241167173601809E-003
          51   3.96500006E-02   2.5886059391884760E-003
          52   3.78100015E-02   2.5898895535670734E-003
          53   3.60700004E-02   2.5633708732706274E-003
          54   3.43899988E-02   2.5358665957663355E-003
          55   3.28000002E-02   2.4613167143269915E-003
          56   3.12799998E-02   2.5487645011291081E-003
          57   2.98100002E-02   2.5564711901709782E-003
          58   2.84100007E-02   2.3897388701107293E-003
          59   2.70799994E-02   2.4757990942726031E-003
          60   2.58200001E-02   2.4238836819020287E-003
          61   2.46099997E-02   2.6218206180248825E-003
          62   2.34699994E-02   2.4800850955892968E-003
          63   2.23900005E-02   2.5772424447384327E-003
          64   2.13699993E-02   2.4942873343321670E-003
          65   2.04200000E-02   2.4988972909694282E-003
          66   1.95199996E-02   2.4830809518638108E-003
          67   1.86700001E-02   2.5287801119378856E-003
          68   1.78800002E-02   2.4820305877674641E-003
          69   1.71300005E-02   2.5313076859453895E-003
          70   1.64100006E-02   2.4657805976701763E-003
          71   1.57099999E-02   2.6474114757162517E-003
          72   1.50499996E-02   2.5760491391461156E-003
          73   1.44199999E-02   2.7041717213597593E-003
          74   1.37999998E-02   2.5678561154067483E-003
          75   1.32200001E-02   2.5191373875523325E-003
          76   1.26499999E-02   2.4616888595293718E-003
          77   1.20900003E-02   2.6102354280467485E-003
          78   1.15599995E-02   2.4378393985777774E-003
          79   1.10700000E-02   2.4891371517117857E-003
          80   1.05900001E-02   2.5943676999642686E-003
          81   1.01300003E-02   2.5491437901355618E-003
          82   9.70999990E-03   2.5657733131788621E-003
          83   9.30999964E-03   2.4898923056586534E-003
          84   8.94999970E-03   2.5826847569603239E-003
          85   8.62000044E-03   2.5968198930914799E-003
          86   8.32000002E-03   2.5575951052944591E-003
          87   8.00999999E-03   2.5649605540933236E-003
          88   7.73999980E-03   2.5593928105987537E-003
          89   7.48000015E-03   2.6139961538517585E-003
          90   7.24000018E-03   2.6431005943549999E-003
          91   7.00999983E-03   2.6215192537428827E-003
          92   6.77999994E-03   2.5176632947586874E-003
          93   6.55000005E-03   2.5941947474645492E-003
          94   6.31000008E-03   2.4932623435555412E-003
          95   6.08000020E-03   2.7060834565392072E-003
          96   5.85999992E-03   2.5865601906233785E-003
          97   5.64000010E-03   2.5551837626181179E-003
          98   5.41999983E-03   2.6479836492139947E-003
          99   5.21000009E-03   2.6480165700097221E-003
         100   5.02000004E-03   2.7785951426331119E-003
         101   4.82999999E-03   2.7459267106030904E-003
         102   4.63999994E-03   2.6504883394077171E-003
         103   4.44999989E-03   2.6169749998817683E-003
         104   4.25000023E-03   2.7662061636014733E-003
         105   4.06000018E-03   2.7182336696872939E-003
         106   3.87999997E-03   2.7022565146304473E-003
         107   3.68000008E-03   2.6681025903890153E-003
         108   3.50000011E-03   2.7272142586279645E-003
         109   3.29999998E-03   2.7309261024237785E-003
         110   3.07999994E-03   2.7396046434687380E-003
         111   2.85000005E-03   2.7207429597284690E-003
         112   2.61999993E-03   2.7961837687553925E-003
         113   2.36999989E-03   2.8130769241053004E-003
         114   2.09999993E-03   2.7302179282498069E-003
         115   1.82999996E-03   2.8739942126592907E-003
         116   1.56999996E-03   2.6309016029441110E-003
         117   1.30000000E-03   2.6947524311869277E-003
         118   1.01999997E-03   2.8392845490999015E-003
         119   7.39999989E-04   2.8654113401554810E-003
         120   4.49999992E-04   2.9610591022900682E-003
         121   1.69999999E-04   2.8680113896290826E-003
         122  -9.00000014E-05   2.9034270755627610E-003
         123  -3.80000012E-04   2.9534978817804792E-003
         124  -6.79999997E-04   2.8466293341714325E-003
         125  -9.89999971E-04   2.9621341713226414E-003
         126  -1.30999996E-03   3.0513747936568372E-003
         127  -1.64999999E-03   2.8779620098158894E-003
         128  -1.97999994E-03   2.9415568594728485E-003
         129  -2.28999997E-03   2.9477508757559745E-003
         130  -2.58000009E-03   3.1257254513991791E-003
         131  -2.85999989E-03   2.9712950407141821E-003
         132  -3.10000009E-03   3.0313769836090090E-003
         133  -3.32999998E-03   2.9981401269366637E-003
         134  -3.55000002E-03   3.0258433572573637E-003
         135  -3.77999991E-03   2.9548774090296889E-003
         136  -3.98000004E-03   3.0281496319075961E-003
         137  -4.17000009E-03   3.0303203549441257E-003
         138  -4.35000006E-03   3.1152128621651982E-003
         139  -4.53000003E-03   2.9773263146422781E-003
         140  -4.71000001E-03   2.9781699437947074E-003
         141  -4.86000022E-03   3.1549625132659951E-003
         142  -4.99999989E-03   2.9856539378083345E-003
         143  -5.11999987E-03   2.9773887432874113E-003
         144  -5.22999978E-03   3.0374320414483756E-003
         145  -5.33000007E-03   3.0554128532838299E-003
         146  -5.42999990E-03   3.1834029199237666E-003
         147  -5.53999981E-03   3.1494768040582250E-003
         148  -5.65000018E-03   3.1545846529738883E-003
         149  -5.75000001E-03   3.0772516995764684E-003
         150  -5.83000015E-03   3.1932388314959842E-003
         151  -5.90000022E-03   3.1373423396500342E-003
         152  -6.00000005E-03   3.1590810899344303E-003
         153  -6.12000003E-03   3.3082629812788526E-003
         154  -6.25000009E-03   3.2724986990787818E-003
         155  -6.36000000E-03   3.2381280206787992E-003
         156  -6.49000006E-03   3.1962486453919032E-003
         157  -6.62000012E-03   3.1675728997130636E-003
         158  -6.73000002E-03   3.2362587190794337E-003
         159  -6.83999993E-03   3.2093530104775492E-003
         160  -6.94000022E-03   3.1166727433086408E-003
         161  -7.02999998E-03   3.3356920798170457E-003
         162  -7.11000012E-03   3.1081338050159319E-003
         163  -7.18999980E-03   3.1841769097576429E-003
         164  -7.24000018E-03   3.2559742816545465E-003
         165  -7.29000010E-03   3.4559685963153528E-003
         166  -7.30999978E-03   3.1361632209124138E-003
         167  -7.32999993E-03   3.2017836323639877E-003
         168  -7.31999986E-03   3.3332907132058070E-003
         169  -7.30000017E-03   3.3402271731091645E-003
         170  -7.28000002E-03   3.3128539706108744E-003
         171  -7.25999987E-03   3.3489774082944867E-003
         172  -7.20999995E-03   3.3095634793034383E-003
         173  -7.12000020E-03   3.3107938776054924E-003
         174  -7.00999983E-03   3.4854935296347936E-003
         175  -6.87999977E-03   3.4103071548723506E-003
         176  -6.75000018E-03   3.3185221553405446E-003
         177  -6.61000004E-03   3.4554772021793234E-003
         178  -6.45999983E-03   3.4784082701464760E-003
         179  -6.32000016E-03   3.4699251851002641E-003
         180  -6.16999995E-03   3.2818562588225668E-003
         181  -6.02999981E-03   3.3549066714473070E-003
         182  -5.90000022E-03   3.4456045463524738E-003
         183  -5.76000009E-03   3.3996756491500874E-003
         184  -5.64000010E-03   3.4810103101498404E-003
         185  -5.55999996E-03   3.4160604176327177E-003
         186  -5.48999989E-03   3.4234171083622048E-003
         187  -5.42999990E-03   3.5202832239893487E-003
         188  -5.37999999E-03   3.4057297508421607E-003
         189  -5.33000007E-03   3.4319836083938761E-003
         190  -5.28000016E-03   3.5560060529089411E-003
         191  -5.22999978E-03   3.6289271894497798E-003
         192  -5.17999986E-03   3.6119309998131005E-003
         193  -5.10000018E-03   3.7402562091782424E-003
         194  -5.02000004E-03   3.6615271720249329E-003
         195  -4.92999982E-03   3.5813640023321827E-003
         196  -4.82999999E-03   3.4316100769824576E-003
         197  -4.73000016E-03   3.5979355573875866E-003
         198  -4.65000002E-03   3.3648796970399859E-003
         199  -4.55999980E-03   3.5090707843621850E-003
         200  -4.49999981E-03   3.3638476462756208E-003
