           1  0.459210008       2.5638997791297266E-003
           2  0.427109987       2.6293999025260579E-003
           3  0.397229999       2.5939100617799896E-003
           4  0.369399995       2.5181749567410802E-003
           5  0.343499988       2.5209673975482290E-003
           6  0.319370002       2.4822812294232866E-003
           7  0.296889991       2.4753960203137372E-003
           8  0.275950015       2.4782611968021014E-003
           9  0.256440014       2.5301126666382322E-003
          10  0.238299996       2.5079103988054009E-003
          11  0.221410006       2.4075218203126764E-003
          12  0.205720007       2.2903485784596190E-003
          13  0.191119999       2.3448952298762982E-003
          14  0.177520007       2.3524528310734506E-003
          15  0.164859995       2.2639346463526264E-003
          16  0.153070003       2.1951654257184395E-003
          17  0.142079994       2.2178876065451856E-003
          18  0.131870002       2.1764456984104028E-003
          19  0.122330002       2.1595930930572247E-003
          20  0.113449998       2.1684757182065880E-003
          21  0.105200000       2.1496932356737755E-003
          22   9.75200012E-02   2.0531523394568753E-003
          23   9.03400034E-02   2.1240401895445951E-003
          24   8.36599991E-02   2.0210142032589325E-003
          25   7.74200037E-02   2.0434778033496690E-003
          26   7.16200024E-02   2.0250754392445807E-003
          27   6.62399977E-02   2.0354424075886943E-003
          28   6.12599999E-02   1.9419513129281479E-003
          29   5.66399992E-02   1.9478272434582911E-003
          30   5.23799993E-02   1.9513004579753601E-003
          31   4.84399982E-02   2.0002159727733155E-003
          32   4.48100008E-02   1.9803338134478888E-003
          33   4.14699987E-02   1.9681563157408072E-003
          34   3.83699983E-02   1.9656340651500745E-003
          35   3.55099998E-02   2.0114089794635724E-003
          36   3.28599997E-02   1.9470653669566122E-003
          37   3.04000005E-02   2.0193352559519139E-003
          38   2.81000007E-02   1.9980108345733047E-003
          39   2.59600002E-02   1.9128062146276416E-003
          40   2.39599999E-02   1.9528696709408273E-003
          41   2.20899992E-02   1.9367408168427652E-003
          42   2.03600004E-02   2.0085620191575494E-003
          43   1.87299997E-02   1.9597777254659406E-003
          44   1.71900000E-02   2.0086964534621376E-003
          45   1.57500003E-02   1.9974898002268920E-003
          46   1.43799996E-02   1.9479915814452466E-003
          47   1.31200003E-02   2.0478839244696921E-003
          48   1.19399996E-02   1.9605596273409268E-003
          49   1.08399997E-02   2.0216205960716075E-003
          50   9.80999973E-03   2.0459527039854704E-003
          51   8.86000041E-03   2.0838277847616722E-003
          52   7.98999984E-03   1.9420319185700467E-003
          53   7.18000019E-03   2.0382093253050932E-003
          54   6.43000007E-03   2.0202404247781046E-003
          55   5.73999994E-03   2.1825405627880099E-003
          56   5.08000003E-03   2.0683845663074644E-003
          57   4.49000020E-03   2.0440875867783087E-003
          58   3.95999989E-03   2.0098943144535924E-003
          59   3.47000011E-03   1.9787816533561853E-003
          60   3.03000002E-03   2.0851999349187499E-003
          61   2.64999992E-03   2.1102901369494365E-003
          62   2.28999997E-03   2.0776729563632863E-003
          63   1.97999994E-03   2.1091965102817177E-003
          64   1.70999998E-03   2.0881826585717822E-003
          65   1.46000006E-03   2.0972483575594156E-003
          66   1.23000005E-03   2.1175243942457137E-003
          67   1.04000000E-03   2.1277700913852195E-003
          68   8.80000007E-04   2.0699459583637522E-003
          69   7.20000011E-04   2.1421137015396807E-003
          70   5.79999993E-04   2.0153018498727114E-003
          71   4.49999992E-04   2.0687128833154025E-003
          72   3.39999999E-04   2.0059028359811285E-003
          73   2.60000001E-04   2.0887567179789538E-003
          74   1.90000006E-04   2.1046781749881074E-003
          75   1.19999997E-04   2.1178639753172820E-003
          76   5.99999985E-05   2.0914674092793874E-003
          77   0.00000000       2.1643904479607800E-003
          78  -7.99999980E-05   2.0323617378492686E-003
          79  -1.69999999E-04   2.1338143162462479E-003
          80  -2.50000012E-04   2.1837927316381359E-003
          81  -3.00000014E-04   2.1886248552084489E-003
          82  -3.49999988E-04   2.1581373520044847E-003
          83  -3.99999990E-04   2.1661133217555600E-003
          84  -4.49999992E-04   2.1231779275448282E-003
          85  -4.79999988E-04   2.1178380614873815E-003
          86  -5.30000019E-04   2.2064697972385030E-003
          87  -5.60000015E-04   2.1047745800599807E-003
          88  -5.90000011E-04   2.1182464473500705E-003
          89  -6.00000028E-04   2.1852188602042174E-003
          90  -6.09999988E-04   2.1159761488688013E-003
          91  -5.90000011E-04   2.2898320332724381E-003
          92  -5.69999975E-04   2.0866702166714196E-003
          93  -5.30000019E-04   2.1719616481877956E-003
          94  -4.69999999E-04   2.2237175633713440E-003
          95  -3.90000001E-04   2.1491427636262570E-003
          96  -3.10000003E-04   2.1910446680004476E-003
          97  -2.20000002E-04   2.2262061878401194E-003
          98  -1.50000007E-04   2.1680099049529661E-003
          99  -7.00000019E-05   2.1858007806019875E-003
         100   1.99999995E-05   2.1278635320905615E-003
         101   1.10000001E-04   2.1467367430202566E-003
         102   2.09999998E-04   2.2312912475984403E-003
         103   3.00000014E-04   2.2913465396524357E-003
         104   3.99999990E-04   2.1634602810946119E-003
         105   4.90000006E-04   2.2202550094014284E-003
         106   5.79999993E-04   2.2386815710005283E-003
         107   6.60000020E-04   2.2105954700476224E-003
         108   7.60000024E-04   2.2620544569867391E-003
         109   8.59999971E-04   2.2909850607453794E-003
         110   9.29999980E-04   2.3111922158967442E-003
         111   9.59999976E-04   2.1895401167644902E-003
         112   9.89999971E-04   2.2798407559299844E-003
         113   1.01999997E-03   2.2860698637008612E-003
         114   1.01999997E-03   2.2774375160467316E-003
         115   1.01999997E-03   2.4090321044238534E-003
         116   1.01000001E-03   2.4928022730783305E-003
         117   1.01999997E-03   2.3980101461826063E-003
         118   1.04999996E-03   2.4493972238953214E-003
         119   1.09999999E-03   2.3883662550464508E-003
         120   1.15999999E-03   2.4571417605939927E-003
         121   1.24000001E-03   2.4723506427198876E-003
         122   1.30000000E-03   2.4662597802499594E-003
         123   1.33999996E-03   2.4099427940015967E-003
         124   1.35000004E-03   2.3206165488703560E-003
         125   1.38000003E-03   2.4185241312997493E-003
         126   1.38999999E-03   2.5384891659048997E-003
         127   1.39999995E-03   2.5191830199081939E-003
         128   1.38000003E-03   2.4605655943071830E-003
         129   1.33999996E-03   2.5065863836734713E-003
         130   1.27000001E-03   2.4645650710302361E-003
         131   1.23000005E-03   2.5582184336016612E-003
         132   1.21000002E-03   2.4740193359721195E-003
         133   1.18999998E-03   2.5087998963671367E-003
         134   1.15000003E-03   2.4496899020678134E-003
         135   1.12000003E-03   2.4870195311357825E-003
         136   1.09000003E-03   2.5622962092601499E-003
         137   1.06000004E-03   2.6203770526935172E-003
         138   1.04000000E-03   2.5868550235209880E-003
         139   1.06000004E-03   2.4846388300887893E-003
         140   1.07999996E-03   2.5426647327260791E-003
