           1  0.443619996       1.8904063040899911E-003
           2  0.396739990       1.9044557426627841E-003
           3  0.354750007       1.8586825701307564E-003
           4  0.317160010       1.8328481038713590E-003
           5  0.283549994       1.8432836273926309E-003
           6  0.253470004       1.7786727307746487E-003
           7  0.226559997       1.7605232799273840E-003
           8  0.202490002       1.6922423479677803E-003
           9  0.180960000       1.7017524084363780E-003
          10  0.161719993       1.7004812124133560E-003
          11  0.144510001       1.6315954572205052E-003
          12  0.129120007       1.5976334777766995E-003
          13  0.115359999       1.4570006366220443E-003
          14  0.103069998       1.5667524202324387E-003
          15   9.20500010E-02   1.5006932301810309E-003
          16   8.21800008E-02   1.5076233794590051E-003
          17   7.33499974E-02   1.4724411079846931E-003
          18   6.54100031E-02   1.5096347177365882E-003
          19   5.82799986E-02   1.4383805915278677E-003
          20   5.18499985E-02   1.4593805119801477E-003
          21   4.61000018E-02   1.4466816221711983E-003
          22   4.09400016E-02   1.4330546372927494E-003
          23   3.63299996E-02   1.4517548571754974E-003
          24   3.21700014E-02   1.4666119671283976E-003
          25   2.84599997E-02   1.5025573724510839E-003
          26   2.51400005E-02   1.4273298641627255E-003
          27   2.21599992E-02   1.4286458389632692E-003
          28   1.94600001E-02   1.5243361277384605E-003
          29   1.70000009E-02   1.4812073023050319E-003
          30   1.47500001E-02   1.5332549127767034E-003
          31   1.26999998E-02   1.4835081195932081E-003
          32   1.08599998E-02   1.5105024526981020E-003
          33   9.25999973E-03   1.5566407832159068E-003
          34   7.86000025E-03   1.5412881632396280E-003
          35   6.65999996E-03   1.6112756647320209E-003
          36   5.67999994E-03   1.5621275780619433E-003
          37   4.88999998E-03   1.5334407483225832E-003
          38   4.16000001E-03   1.5840945196080936E-003
          39   3.53999995E-03   1.5956125699667831E-003
          40   3.00000003E-03   1.5184436176903641E-003
          41   2.48000002E-03   1.5467662215286218E-003
          42   2.02000001E-03   1.5121168227640691E-003
          43   1.62000000E-03   1.5318168919547597E-003
          44   1.27999997E-03   1.5687861678323619E-003
          45   9.39999998E-04   1.5780029519097659E-003
          46   5.79999993E-04   1.5457514290872867E-003
          47   2.30000005E-04   1.5235333245944517E-003
          48  -4.99999987E-05   1.5580968714570451E-003
          49  -3.49999988E-04   1.5110394183061671E-003
          50  -6.79999997E-04   1.5508972932482719E-003
          51  -9.89999971E-04   1.5430472747419472E-003
          52  -1.27000001E-03   1.5483295420851079E-003
          53  -1.52000005E-03   1.5685999011714454E-003
          54  -1.78000005E-03   1.5458898019119953E-003
          55  -1.97999994E-03   1.4945367562868733E-003
          56  -2.22999998E-03   1.5721731428542129E-003
          57  -2.49000010E-03   1.4893418258291058E-003
          58  -2.66000000E-03   1.5502474587813975E-003
          59  -2.85000005E-03   1.5202363492861255E-003
          60  -2.97000003E-03   1.6327553317973351E-003
          61  -3.06000002E-03   1.5346562832223591E-003
          62  -3.15000000E-03   1.5419527781898885E-003
          63  -3.22000007E-03   1.6434976412049783E-003
          64  -3.26999999E-03   1.6479577513006491E-003
          65  -3.28999991E-03   1.5742852511752552E-003
          66  -3.25000007E-03   1.6133597617923581E-003
          67  -3.23999999E-03   1.6804322472291934E-003
          68  -3.19999992E-03   1.6807728173466848E-003
          69  -3.13999993E-03   1.6860767000083875E-003
          70  -3.01999995E-03   1.7911946524590565E-003
          71  -2.89999996E-03   1.6953467908036274E-003
          72  -2.79999990E-03   1.7167201991874451E-003
          73  -2.71999999E-03   1.7953910860533072E-003
          74  -2.61000008E-03   1.7800985307441649E-003
          75  -2.51000002E-03   1.8264081521397121E-003
          76  -2.48000002E-03   1.8557743087239877E-003
          77  -2.49000010E-03   1.8104405422977076E-003
          78  -2.46000011E-03   1.8384169461471067E-003
          79  -2.39000004E-03   1.8075252293707216E-003
          80  -2.33000005E-03   1.9007861255284917E-003
          81  -2.28999997E-03   1.8958551439133336E-003
          82  -2.27999990E-03   1.9187445620472072E-003
          83  -2.28999997E-03   1.9286846195612944E-003
          84  -2.27999990E-03   1.9329267965301218E-003
          85  -2.24999990E-03   1.9107925980967901E-003
          86  -2.27000006E-03   1.8904044642606701E-003
          87  -2.25999998E-03   1.9387778367018443E-003
          88  -2.30000005E-03   2.0108153342489670E-003
          89  -2.30999989E-03   1.9975057704896457E-003
          90  -2.30999989E-03   1.9559149804588638E-003
