           1  0.466520011       2.9610241077490346E-003
           2  0.438109994       2.9072723848736957E-003
           3  0.411430001       2.9082724206298061E-003
           4  0.386379987       3.0368945365424590E-003
           5  0.362839997       3.0383765561898127E-003
           6  0.340730011       2.8394799140966367E-003
           7  0.319990009       2.9005220908137584E-003
           8  0.300529987       2.8047898552660414E-003
           9  0.282240003       2.8663834695028942E-003
          10  0.265049994       2.7959949705561042E-003
          11  0.248930007       2.6806660170724220E-003
          12  0.233769998       2.7836172695765524E-003
          13  0.219520003       2.6806469381178677E-003
          14  0.206129998       2.6006928410014264E-003
          15  0.193540007       2.5648082352243791E-003
          16  0.181710005       2.6535741177553455E-003
          17  0.170599997       2.5823971900638511E-003
          18  0.160160005       2.5982411696043330E-003
          19  0.150350004       2.4886299790965495E-003
          20  0.141120002       2.4575726963806306E-003
          21  0.132459998       2.3786554207971323E-003
          22  0.124320000       2.4072080296305863E-003
          23  0.116669998       2.4217793915763774E-003
          24  0.109499998       2.3353601199024897E-003
          25  0.102779999       2.4193315161217597E-003
          26   9.64699984E-02   2.3675908661766926E-003
          27   9.05599967E-02   2.2566745700246353E-003
          28   8.50099996E-02   2.3057805546609152E-003
          29   7.98000023E-02   2.3085686640718392E-003
          30   7.49299973E-02   2.2260331825218935E-003
          31   7.03700036E-02   2.2929562764871158E-003
          32   6.61000013E-02   2.2631152127145209E-003
          33   6.21099994E-02   2.1365968710373444E-003
          34   5.83500005E-02   2.1669211508366908E-003
          35   5.48299998E-02   2.2184317155919007E-003
          36   5.15299998E-02   2.1748758575148150E-003
          37   4.84500006E-02   2.2040353057372355E-003
          38   4.55499999E-02   2.1560074798488869E-003
          39   4.28300016E-02   2.1395916191470272E-003
          40   4.02799994E-02   2.1293652393324222E-003
          41   3.78700010E-02   2.1284006275287442E-003
          42   3.56100015E-02   2.2620895955380730E-003
          43   3.35099995E-02   2.1572999361044358E-003
          44   3.15399989E-02   2.1332317352847855E-003
          45   2.96800006E-02   2.0748997433752327E-003
          46   2.79200003E-02   2.1370582889820803E-003
          47   2.62800008E-02   2.0813953300934259E-003
          48   2.47300006E-02   2.0997684518009076E-003
          49   2.32500006E-02   2.1945374674355251E-003
          50   2.18499992E-02   2.1441145233051114E-003
          51   2.05099992E-02   2.1910800544305237E-003
          52   1.92399994E-02   2.1907312386830508E-003
          53   1.80500001E-02   2.1482478211214363E-003
          54   1.69099998E-02   2.2232769854652413E-003
          55   1.58200003E-02   2.2781703481179211E-003
          56   1.47900004E-02   2.2100349094885279E-003
          57   1.38299996E-02   2.1114397770971237E-003
          58   1.29199997E-02   2.2441429456357539E-003
          59   1.20700002E-02   2.1866433793945130E-003
          60   1.12699997E-02   2.2128180358803339E-003
          61   1.05100004E-02   2.1822304200688710E-003
          62   9.80999973E-03   2.2412415665853448E-003
          63   9.17000044E-03   2.0985373158031641E-003
          64   8.55999999E-03   2.1037002484003949E-003
          65   7.98999984E-03   2.1807418898579902E-003
          66   7.44999992E-03   2.1625178944367613E-003
          67   6.93000015E-03   2.1653778263919757E-003
          68   6.45000022E-03   2.1465201891747638E-003
          69   5.97999990E-03   2.1778146893251839E-003
          70   5.54999989E-03   2.2059996011710827E-003
          71   5.14000002E-03   2.2103791672115742E-003
          72   4.73999977E-03   2.1960023638117341E-003
          73   4.38999990E-03   2.2844186994404043E-003
          74   4.07999987E-03   2.3576982948878950E-003
          75   3.80000006E-03   2.3447933617378328E-003
          76   3.55000002E-03   2.3308432419720236E-003
          77   3.29999998E-03   2.2822709922505555E-003
          78   3.09000001E-03   2.2732521909462370E-003
          79   2.88999989E-03   2.3554514899386332E-003
          80   2.70000007E-03   2.3025324536786519E-003
          81   2.51000002E-03   2.3692275224818488E-003
          82   2.33999989E-03   2.3878811043915485E-003
          83   2.16999999E-03   2.3451644725168553E-003
          84   2.00000009E-03   2.4240440338615388E-003
          85   1.82000000E-03   2.3419002151543024E-003
          86   1.61000004E-03   2.3803327777917366E-003
          87   1.38999999E-03   2.4736758765736035E-003
          88   1.18000002E-03   2.3883437390237543E-003
          89   9.50000016E-04   2.4112577770609546E-003
          90   7.20000011E-04   2.4127497051978030E-003
          91   4.90000006E-04   2.3604445455796155E-003
          92   2.50000012E-04   2.3781842826769047E-003
          93   1.99999995E-05   2.3265660252420155E-003
          94  -1.99999995E-04   2.4667205725576861E-003
          95  -4.19999997E-04   2.4594278938548076E-003
          96  -6.39999984E-04   2.4802365323175666E-003
          97  -8.39999993E-04   2.3682581630267061E-003
          98  -1.03000004E-03   2.5112242985029050E-003
          99  -1.21999998E-03   2.4373895927242021E-003
         100  -1.38000003E-03   2.4340111000313858E-003
         101  -1.53000001E-03   2.5436936702888571E-003
         102  -1.67999999E-03   2.4960440508460194E-003
         103  -1.79999997E-03   2.5586648214315408E-003
         104  -1.91999995E-03   2.5046573819412876E-003
         105  -2.00999994E-03   2.6314051888263815E-003
         106  -2.09999993E-03   2.6021570181311471E-003
         107  -2.18999991E-03   2.5408666820443764E-003
         108  -2.30000005E-03   2.5905877055242593E-003
         109  -2.40000011E-03   2.5948410632177453E-003
         110  -2.48000002E-03   2.6418997303975997E-003
         111  -2.54000002E-03   2.6533486236484829E-003
         112  -2.61999993E-03   2.6253051233030024E-003
         113  -2.70000007E-03   2.5551731558545862E-003
         114  -2.76999990E-03   2.6489518427333571E-003
         115  -2.82999990E-03   2.6433600362420775E-003
         116  -2.88999989E-03   2.6769842960073570E-003
         117  -2.97000003E-03   2.6455274804617255E-003
         118  -3.03000002E-03   2.7217697806525202E-003
         119  -3.09000001E-03   2.6141300561695517E-003
         120  -3.16000008E-03   2.6208603583450351E-003
         121  -3.22000007E-03   2.7542455182958067E-003
         122  -3.28999991E-03   2.6686601123766234E-003
         123  -3.37999989E-03   2.6793197593636122E-003
         124  -3.47000011E-03   2.7520662043595784E-003
         125  -3.52000003E-03   2.7770511795827311E-003
         126  -3.53999995E-03   2.7837017294676525E-003
         127  -3.55000002E-03   2.8120302118418189E-003
         128  -3.52000003E-03   2.8334739183032316E-003
         129  -3.46000004E-03   2.8837679516018596E-003
         130  -3.40000005E-03   2.8662580612940536E-003
         131  -3.34000005E-03   2.9050408617459795E-003
         132  -3.28000006E-03   2.9012680636480610E-003
         133  -3.22000007E-03   2.6751206117364892E-003
         134  -3.19000008E-03   2.8475995826621292E-003
         135  -3.13999993E-03   2.9237496519340560E-003
         136  -3.10000009E-03   2.8674263892881692E-003
         137  -3.04999994E-03   2.8271476243146437E-003
         138  -2.98000011E-03   2.9431855944971239E-003
         139  -2.89999996E-03   2.8225133066009673E-003
         140  -2.79000006E-03   2.9465972789896747E-003
         141  -2.64000008E-03   2.9849865636370830E-003
         142  -2.49999994E-03   2.9455530262752312E-003
         143  -2.33999989E-03   2.8813984532811976E-003
         144  -2.19999999E-03   3.0169381569118124E-003
         145  -2.06999993E-03   3.0009885900282199E-003
         146  -1.90999999E-03   3.0705238960403443E-003
         147  -1.79000001E-03   2.9907175405899226E-003
         148  -1.67000003E-03   2.9909061415934182E-003
         149  -1.56999996E-03   3.0257023177824942E-003
         150  -1.46000006E-03   3.0305150409170906E-003
         151  -1.38999999E-03   3.0376111369964233E-003
         152  -1.30000000E-03   2.9554310820679281E-003
         153  -1.23000005E-03   3.0058585835216708E-003
         154  -1.15999999E-03   2.8990528441805515E-003
         155  -1.07999996E-03   2.8812336198585659E-003
         156  -1.03000004E-03   3.0275804512321100E-003
         157  -9.80000012E-04   2.9253041536799330E-003
         158  -9.20000020E-04   2.8307974138694278E-003
         159  -8.90000025E-04   2.8729602724529655E-003
         160  -8.69999989E-04   2.9244691890731008E-003
