           1  0.462639987       2.4486769084323470E-003
           2  0.428420007       2.4105985450683255E-003
           3  0.396739990       2.4504050820162624E-003
           4  0.367419988       2.3926804056794517E-003
           5  0.340290010       2.3858632774733154E-003
           6  0.315180004       2.3728744976899254E-003
           7  0.291960001       2.3942963883159694E-003
           8  0.270469993       2.3327800007059292E-003
           9  0.250600010       2.4139768689183812E-003
          10  0.232199997       2.2738388195135011E-003
          11  0.215169996       2.1977459101927953E-003
          12  0.199389994       2.3625432433768399E-003
          13  0.184780002       2.1869534277994653E-003
          14  0.171250001       2.2301314455453994E-003
          15  0.158730000       2.1737742450018958E-003
          16  0.147159994       2.1599390380709293E-003
          17  0.136470005       2.1457698760735710E-003
          18  0.126560003       2.1436475831977508E-003
          19  0.117409997       2.0246586312581724E-003
          20  0.108939998       2.1068919154994029E-003
          21  0.101070002       1.9797938390673244E-003
          22   9.37699974E-02   1.9990414526994608E-003
          23   8.70100036E-02   2.0008943877615386E-003
          24   8.07299986E-02   1.9253755245666625E-003
          25   7.48900026E-02   1.9962137250064526E-003
          26   6.94900006E-02   1.9850475616694382E-003
          27   6.44899979E-02   1.9407279550220215E-003
          28   5.98799996E-02   1.9653316116317486E-003
          29   5.56299984E-02   2.0471028286335301E-003
          30   5.16799986E-02   1.9020405636389981E-003
          31   4.80200015E-02   1.9526491588483499E-003
          32   4.46499996E-02   1.8915110331484846E-003
          33   4.15100008E-02   1.8525459875351098E-003
          34   3.86300012E-02   1.9671376224676047E-003
          35   3.59899998E-02   1.9232150514797320E-003
          36   3.35500017E-02   1.9518689972514759E-003
          37   3.12899984E-02   1.8606654773633501E-003
          38   2.91700009E-02   2.0031625845996085E-003
          39   2.71899998E-02   1.9094475525814818E-003
          40   2.53599994E-02   1.8890965544364300E-003
          41   2.36399993E-02   1.9155805233507489E-003
          42   2.20400002E-02   1.8985480057304102E-003
          43   2.05199998E-02   1.9388792474196914E-003
          44   1.90999992E-02   1.9037278691300284E-003
          45   1.77400000E-02   1.9419371653600127E-003
          46   1.64599996E-02   1.9291108906736465E-003
          47   1.52399996E-02   1.9483037933055139E-003
          48   1.40800001E-02   1.8987435196848193E-003
          49   1.30099999E-02   2.0005283695312733E-003
          50   1.20000001E-02   1.8877579523030714E-003
          51   1.10700000E-02   1.9076395968776723E-003
          52   1.01899998E-02   2.0029947839071273E-003
          53   9.37000010E-03   1.9682504649731120E-003
          54   8.58999975E-03   1.9368150019864658E-003
          55   7.84999970E-03   2.0074915936730575E-003
          56   7.18000019E-03   1.9760703025162849E-003
          57   6.56000013E-03   1.9661419849526457E-003
          58   6.01000013E-03   2.0191338011392901E-003
          59   5.49999997E-03   2.1032380811909853E-003
          60   5.04000019E-03   1.9776022725706403E-003
          61   4.60000010E-03   1.9815829439734835E-003
          62   4.19999985E-03   2.0680393175719785E-003
          63   3.84999998E-03   1.9930639565651897E-003
          64   3.53999995E-03   2.0329532359354046E-003
          65   3.26999999E-03   2.0094442488533884E-003
          66   3.04000010E-03   1.9518112225405163E-003
          67   2.79999990E-03   1.9148795529384981E-003
          68   2.60000001E-03   2.0046927301470008E-003
          69   2.40999996E-03   2.0881341164607154E-003
          70   2.27000006E-03   2.0461418504720574E-003
          71   2.16999999E-03   1.9791626352273664E-003
          72   2.09000008E-03   1.9623465405683316E-003
          73   2.02000001E-03   2.0066118243941816E-003
          74   1.96000002E-03   1.9385637457202233E-003
          75   1.91999995E-03   2.0211961788604077E-003
          76   1.90000003E-03   2.1252057472097106E-003
          77   1.88999996E-03   2.1397973951855450E-003
          78   1.85999996E-03   2.1122335842542277E-003
          79   1.85000000E-03   2.0587329987611222E-003
          80   1.81000005E-03   2.1164273957456001E-003
          81   1.75000005E-03   2.0953698567088550E-003
          82   1.70999998E-03   2.1523016184240816E-003
          83   1.67000003E-03   2.1758965611380289E-003
          84   1.62000000E-03   2.1672565560461200E-003
          85   1.56000000E-03   2.1721561562930152E-003
          86   1.50999997E-03   2.0779026703617903E-003
          87   1.47000002E-03   2.2557858003408081E-003
          88   1.44000002E-03   2.1274011926996060E-003
          89   1.39999995E-03   2.1788676087467432E-003
          90   1.35000004E-03   2.1567841472917891E-003
          91   1.33000000E-03   2.1325605394143651E-003
          92   1.27999997E-03   2.2803060786256010E-003
          93   1.24999997E-03   2.2239870892780977E-003
          94   1.18000002E-03   2.1836107222824937E-003
          95   1.07999996E-03   2.2122767044688734E-003
          96   9.59999976E-04   2.2032524170233843E-003
          97   8.20000016E-04   2.1978520699164430E-003
          98   6.50000002E-04   2.3139628747930021E-003
          99   4.79999988E-04   2.2565567362381471E-003
         100   2.89999996E-04   2.2717853660206124E-003
         101   1.19999997E-04   2.3028521855276876E-003
         102  -4.99999987E-05   2.2388828219393228E-003
         103  -1.99999995E-04   2.2765125692444507E-003
         104  -3.69999994E-04   2.3470111671621743E-003
         105  -5.20000001E-04   2.3789334798387748E-003
         106  -6.90000015E-04   2.3674674294344982E-003
         107  -8.39999993E-04   2.2977519416315811E-003
         108  -9.50000016E-04   2.2667497138945470E-003
         109  -1.03000004E-03   2.3929623856973562E-003
         110  -1.07999996E-03   2.4396844765934853E-003
         111  -1.15999999E-03   2.4924932503812042E-003
         112  -1.23000005E-03   2.4790690977607530E-003
         113  -1.30000000E-03   2.3559872651879210E-003
         114  -1.36999995E-03   2.5441557087005134E-003
         115  -1.41999999E-03   2.4168813392181480E-003
         116  -1.47000002E-03   2.5230134803617518E-003
         117  -1.56000000E-03   2.6296981614018049E-003
         118  -1.64999999E-03   2.5180462816504386E-003
         119  -1.73999998E-03   2.5480487129949207E-003
         120  -1.79999997E-03   2.5260791013148615E-003
         121  -1.87000004E-03   2.5900680332151091E-003
         122  -1.90000003E-03   2.5358114964442358E-003
         123  -1.93000003E-03   2.6155240407855799E-003
         124  -1.94999995E-03   2.6176310681449563E-003
         125  -2.00999994E-03   2.6363953307048100E-003
         126  -2.05000001E-03   2.5590380700506237E-003
         127  -2.12999992E-03   2.6556106214819766E-003
         128  -2.19999999E-03   2.6229684574286178E-003
         129  -2.28999997E-03   2.6462365523831966E-003
         130  -2.36999989E-03   2.5556024855755495E-003
