           1  0.407999992       1.3236732555545929E-003
           2  0.334019989       1.3500179954302821E-003
           3  0.273330003       1.3472198242495341E-003
           4  0.223629996       1.2507849317656044E-003
           5  0.182990000       1.2343226092254029E-003
           6  0.149729997       1.1805986051188196E-003
           7  0.122429997       1.1349921786059699E-003
           8  0.100079998       1.1220004118691548E-003
           9   8.17300007E-02   1.0803699075387866E-003
          10   6.67300001E-02   1.0122490223959102E-003
          11   5.44800013E-02   1.0491514618646853E-003
          12   4.44100015E-02   1.0228294934454861E-003
          13   3.62400003E-02   1.0077551783911286E-003
          14   2.96800006E-02   1.0171523728089869E-003
          15   2.44999994E-02   1.0107772917595352E-003
          16   2.02900004E-02   9.9398854535573855E-004
          17   1.68299992E-02   1.0040086387205671E-003
          18   1.40000004E-02   1.0172791942283756E-003
          19   1.16499998E-02   1.0164213886663864E-003
          20   9.84000042E-03   1.0232603032330240E-003
          21   8.29000026E-03   1.0258502741991504E-003
          22   6.87000016E-03   9.8143768703150801E-004
          23   5.77999977E-03   1.0520441977342316E-003
          24   4.98000020E-03   1.0138993474828628E-003
          25   4.37999982E-03   1.0361036488653781E-003
          26   4.00000019E-03   1.0839790996930970E-003
          27   3.70000000E-03   1.0665333402830929E-003
          28   3.37999989E-03   1.0740202618081461E-003
          29   3.03000002E-03   1.0997587144239540E-003
          30   2.68999999E-03   1.1115255475901153E-003
          31   2.51000002E-03   1.0949245757788076E-003
          32   2.25999998E-03   1.1325012154508440E-003
          33   2.00000009E-03   1.1630134077760875E-003
          34   1.76000001E-03   1.1169838020593345E-003
          35   1.56000000E-03   1.2033081202997768E-003
          36   1.50000001E-03   1.2274183426067193E-003
          37   1.33000000E-03   1.1990421677195685E-003
          38   1.23000005E-03   1.1563445195838093E-003
          39   1.23000005E-03   1.1823162813752121E-003
          40   1.18999998E-03   1.2315986557501512E-003
          41   1.07999996E-03   1.2321607603948167E-003
          42   9.29999980E-04   1.2522048402474049E-003
          43   7.99999980E-04   1.2707253389669503E-003
          44   8.29999975E-04   1.2936820036986471E-003
          45   1.01999997E-03   1.2695743087620167E-003
          46   1.24999997E-03   1.2504333801162341E-003
          47   1.50999997E-03   1.3043040652412656E-003
          48   1.56000000E-03   1.3101462814698631E-003
          49   1.62000000E-03   1.3314156740889436E-003
          50   1.70000002E-03   1.2478201992742730E-003
