           1  0.354050010       9.9689946540226153E-004
           2  0.253980011       9.1817414235312019E-004
           3  0.182060003       9.0589383251546516E-004
           4  0.130360007       8.3263870792410857E-004
           5   9.33300033E-02   8.2440311323831209E-004
           6   6.70000017E-02   7.5549607815311335E-004
           7   4.80399989E-02   7.5926124478505313E-004
           8   3.43800001E-02   7.7484239577062458E-004
           9   2.48199999E-02   7.3181797583964179E-004
          10   1.79099999E-02   7.5232036070419319E-004
          11   1.29199997E-02   7.7058663693116522E-004
          12   9.10000037E-03   7.9652597530515117E-004
          13   6.20000018E-03   7.7811046111147576E-004
          14   4.11000010E-03   8.1263980307661788E-004
          15   2.74999999E-03   7.8530029700111267E-004
          16   1.64999999E-03   7.8953612603978763E-004
          17   1.04999996E-03   8.2475277967489268E-004
          18   6.99999975E-04   8.0468204644245386E-004
          19   5.39999979E-04   8.2787609824634873E-004
          20   3.99999990E-04   8.3955812667434757E-004
          21   2.20000002E-04   8.7748239043142153E-004
          22   1.59999996E-04   8.5862539435053011E-004
          23   4.99999987E-05   8.4965084828871561E-004
          24   9.99999975E-06   8.9992017413592401E-004
          25  -1.10000001E-04   8.8953675889392059E-004
          26  -3.10000003E-04   9.1966878691264486E-004
          27  -3.10000003E-04   9.5278599222360595E-004
          28   2.99999992E-05   9.4695434781337398E-004
          29   4.49999992E-04   1.0327265075293314E-003
          30   1.07999996E-03   1.0493177144443465E-003
