           1  0.420949996       1.5987423576228766E-003
           2  0.356279999       1.6071801764816459E-003
           3  0.301589996       1.5520841466586460E-003
           4  0.255239993       1.5249601135740058E-003
           5  0.216069996       1.4750482903585079E-003
           6  0.182850003       1.4054970898615151E-003
           7  0.154789999       1.3802314839899560E-003
           8  0.131109998       1.4010055340122807E-003
           9  0.111089997       1.3699626546483173E-003
          10   9.42199975E-02   1.2863047989907135E-003
          11   7.99899995E-02   1.2409979844528168E-003
          12   6.80000037E-02   1.2959334184067864E-003
          13   5.78100011E-02   1.2507335452524736E-003
          14   4.91899997E-02   1.2619800959322162E-003
          15   4.19199988E-02   1.2153284060071779E-003
          16   3.56899984E-02   1.2063661136256618E-003
          17   3.04400008E-02   1.1713871245427115E-003
          18   2.59499997E-02   1.1851362999059222E-003
          19   2.20699999E-02   1.1677223249740533E-003
          20   1.87400002E-02   1.1673525514078174E-003
          21   1.58200003E-02   1.2105130211936693E-003
          22   1.33400001E-02   1.2428327104738572E-003
          23   1.11999996E-02   1.1597013560654256E-003
          24   9.27000027E-03   1.1576031228695055E-003
          25   7.61000020E-03   1.1734479573362083E-003
          26   6.19000010E-03   1.1095050358590109E-003
          27   4.90000006E-03   1.1197452591732398E-003
          28   3.74000007E-03   1.1145079816788166E-003
          29   2.66000000E-03   1.1334691383759145E-003
          30   1.73999998E-03   1.1245952957566680E-003
          31   9.20000020E-04   1.1471670880889642E-003
          32   1.40000004E-04   1.1484429191788974E-003
          33  -3.69999994E-04   1.1742021460356585E-003
          34  -8.29999975E-04   1.1377636575414353E-003
          35  -1.13999995E-03   1.2071861722996538E-003
          36  -1.26000005E-03   1.1492858752762580E-003
          37  -1.27999997E-03   1.1764702727606244E-003
          38  -1.26000005E-03   1.1759238994181246E-003
          39  -1.26000005E-03   1.2171807134781464E-003
          40  -1.12999999E-03   1.2336053950274151E-003
          41  -1.04999996E-03   1.2742495032729080E-003
          42  -1.01000001E-03   1.2955127108078069E-003
          43  -9.39999998E-04   1.2548878154713403E-003
          44  -8.50000011E-04   1.2240249726652933E-003
          45  -7.90000020E-04   1.3645011926804683E-003
          46  -7.39999989E-04   1.2956506973952244E-003
          47  -7.09999993E-04   1.3812568362346030E-003
          48  -7.09999993E-04   1.3759028512615860E-003
          49  -6.60000020E-04   1.4193959159565460E-003
          50  -6.30000024E-04   1.4390090760868907E-003
          51  -5.90000011E-04   1.4211786649493184E-003
          52  -6.00000028E-04   1.4723397325005977E-003
          53  -5.90000011E-04   1.4445779586813683E-003
          54  -4.79999988E-04   1.4876537309412902E-003
          55  -4.69999999E-04   1.5158962870344781E-003
          56  -3.60000005E-04   1.4578893859383728E-003
          57  -2.50000012E-04   1.4496402824791066E-003
          58  -2.20000002E-04   1.5017597384081791E-003
          59  -1.10000001E-04   1.5136165199257758E-003
          60   0.00000000       1.4890975148328526E-003
