           1  0.449640006       2.0620481593101787E-003
           2  0.406659991       2.1038499835709630E-003
           3  0.367769986       2.0429873054000902E-003
           4  0.332560003       1.9808134256355794E-003
           5  0.300720006       1.9089913915308629E-003
           6  0.271899998       1.9576087206292312E-003
           7  0.245859995       1.9634229945290592E-003
           8  0.222310007       1.8972968824898608E-003
           9  0.201000005       1.8836627709334997E-003
          10  0.181679994       1.8922681341629157E-003
          11  0.164199993       1.8262244016924566E-003
          12  0.148379996       1.8328094772760634E-003
          13  0.134079993       1.7645040389165226E-003
          14  0.121150002       1.7394670552856356E-003
          15  0.109509997       1.7187224396277361E-003
          16   9.89900008E-02   1.7364851656153605E-003
          17   8.94899964E-02   1.7527314459396819E-003
          18   8.09499994E-02   1.6586798846169298E-003
          19   7.32500032E-02   1.6450785718445363E-003
          20   6.62499964E-02   1.6367073392945779E-003
          21   5.99399991E-02   1.5674147265896717E-003
          22   5.42399995E-02   1.6566204157010325E-003
          23   4.90799993E-02   1.6424539839295788E-003
          24   4.43999991E-02   1.6085574315485268E-003
          25   4.02400009E-02   1.6041615860326144E-003
          26   3.64199989E-02   1.5797306934143512E-003
          27   3.29499990E-02   1.5508771409994135E-003
          28   2.97999997E-02   1.5458647708018838E-003
          29   2.69399993E-02   1.5808759495736621E-003
          30   2.43500005E-02   1.5910627375012526E-003
          31   2.20199991E-02   1.5647333129400981E-003
          32   1.99200008E-02   1.6006204583631936E-003
          33   1.79999992E-02   1.5936965104763913E-003
          34   1.62700005E-02   1.6128358995331318E-003
          35   1.47399995E-02   1.6242591075178007E-003
          36   1.33100003E-02   1.5927489840266409E-003
          37   1.19899996E-02   1.5893607723289811E-003
          38   1.08000003E-02   1.6159728394462833E-003
          39   9.68000013E-03   1.6225778430729459E-003
          40   8.62000044E-03   1.6460812619465027E-003
          41   7.66000012E-03   1.6113993221324864E-003
          42   6.76999986E-03   1.6494395556991097E-003
          43   5.96999982E-03   1.6756549431850135E-003
          44   5.23999985E-03   1.6520286251379644E-003
          45   4.55999980E-03   1.6377693772042464E-003
          46   3.89999989E-03   1.6231143525172367E-003
          47   3.28000006E-03   1.6889324829286016E-003
          48   2.67999992E-03   1.6670879086425746E-003
          49   2.12999992E-03   1.6229987096811930E-003
          50   1.61000004E-03   1.6513473384720844E-003
          51   1.12999999E-03   1.7200783700178327E-003
          52   7.39999989E-04   1.7026754777597455E-003
          53   3.99999990E-04   1.7079253547406591E-003
          54   7.99999980E-05   1.6380329906291265E-003
          55  -1.50000007E-04   1.7164504688962534E-003
          56  -3.60000005E-04   1.6628910660366255E-003
          57  -5.49999997E-04   1.6987760574842781E-003
          58  -7.39999989E-04   1.6325751895930603E-003
          59  -9.29999980E-04   1.7497689096299465E-003
          60  -1.04999996E-03   1.6812137916602350E-003
          61  -1.15999999E-03   1.7310618821987399E-003
          62  -1.24999997E-03   1.7829503277472104E-003
          63  -1.35999999E-03   1.7612390986042434E-003
          64  -1.46000006E-03   1.8156055574912509E-003
          65  -1.52000005E-03   1.7920275984576800E-003
          66  -1.56999996E-03   1.7947736830695679E-003
          67  -1.62000000E-03   1.8038319228248464E-003
          68  -1.70000002E-03   1.7678624991281202E-003
          69  -1.73999998E-03   1.8702380405395303E-003
          70  -1.82999996E-03   1.8667727386768485E-003
          71  -1.91999995E-03   1.8541531424668750E-003
          72  -2.03000009E-03   1.7667622236964254E-003
          73  -2.12000008E-03   1.8432538193497846E-003
          74  -2.21000006E-03   1.8758920545351027E-003
          75  -2.28999997E-03   1.8077104869007171E-003
          76  -2.36999989E-03   1.8236754225441645E-003
          77  -2.43000011E-03   1.7824424119056092E-003
          78  -2.54000002E-03   1.8328541161567581E-003
          79  -2.64000008E-03   1.9200014643914994E-003
          80  -2.70000007E-03   1.8816850080491233E-003
          81  -2.80999998E-03   1.8828810432648657E-003
          82  -2.88999989E-03   1.8370225014642881E-003
          83  -2.92999996E-03   1.8475218035238470E-003
          84  -2.98000011E-03   1.8267683882968564E-003
          85  -3.06000002E-03   1.9199602733208200E-003
          86  -3.15000000E-03   1.8814562619367658E-003
          87  -3.16000008E-03   1.9362014126381982E-003
          88  -3.19000008E-03   1.9830540320039517E-003
          89  -3.22999991E-03   1.9533905189768760E-003
          90  -3.25000007E-03   1.9582095768767719E-003
          91  -3.25999991E-03   1.9621035937542825E-003
          92  -3.26999999E-03   1.9263246444616445E-003
          93  -3.35999997E-03   2.0398907300106101E-003
          94  -3.43999988E-03   1.9979503626926494E-003
          95  -3.44999996E-03   2.0385489738661451E-003
          96  -3.40000005E-03   2.0240365676758554E-003
          97  -3.34999990E-03   2.0887942226677000E-003
          98  -3.28999991E-03   2.0615001234410043E-003
          99  -3.19000008E-03   2.0210680888835754E-003
         100  -3.09000001E-03   1.9803853792138377E-003
