           1  0.461569995       2.6423310835573042E-003
           2  0.431430012       2.7832534582071114E-003
           3  0.403279990       2.7358402369992959E-003
           4  0.376949996       2.7539900537908242E-003
           5  0.352340013       2.7356443539495738E-003
           6  0.329349995       2.6719852005918461E-003
           7  0.307870001       2.6809387940358439E-003
           8  0.287809998       2.6278543002151737E-003
           9  0.269059986       2.5786710361778500E-003
          10  0.251549989       2.6701578082753584E-003
          11  0.235190004       2.6867038031325248E-003
          12  0.219909996       2.5978221194978522E-003
          13  0.205620006       2.5777401924152732E-003
          14  0.192269996       2.5693728436124094E-003
          15  0.179790005       2.4378770363972075E-003
          16  0.168129995       2.4000391471019652E-003
          17  0.157230005       2.3579304763137925E-003
          18  0.147060007       2.4046381779598827E-003
          19  0.137569994       2.4173304598780546E-003
          20  0.128710002       2.4523870481084815E-003
          21  0.120439999       2.3666850682126208E-003
          22  0.112700000       2.3241086718825128E-003
          23  0.105480000       2.2554032055001304E-003
          24   9.87100005E-02   2.2971715146590361E-003
          25   9.24099982E-02   2.3359138827855072E-003
          26   8.65100026E-02   2.1911673679469268E-003
          27   8.09800029E-02   2.2830305685190354E-003
          28   7.58000016E-02   2.2015052578486230E-003
          29   7.09500015E-02   2.1204495653927360E-003
          30   6.64400011E-02   2.2505788279740774E-003
          31   6.21999986E-02   2.2321000512084441E-003
          32   5.82699999E-02   2.1382831958225088E-003
          33   5.45900017E-02   2.2232599564447897E-003
          34   5.11300005E-02   2.0400499292303116E-003
          35   4.79199998E-02   2.1769190975957651E-003
          36   4.49099988E-02   2.1105734592130041E-003
          37   4.21000011E-02   2.1830452353319959E-003
          38   3.94899994E-02   2.0918793496018614E-003
          39   3.70699987E-02   2.0604476061972126E-003
          40   3.48000005E-02   2.0634275562436727E-003
          41   3.26899998E-02   2.0690485859452155E-003
          42   3.07299998E-02   2.0639506497583120E-003
          43   2.88800001E-02   2.1459175123124830E-003
          44   2.71400008E-02   2.1470504645821321E-003
          45   2.54999995E-02   2.1025497266317552E-003
          46   2.39700004E-02   2.1235556634282048E-003
          47   2.25200001E-02   2.0112913631406865E-003
          48   2.11599991E-02   2.0476586213171760E-003
          49   1.98899992E-02   2.0939104914405580E-003
          50   1.87100004E-02   2.0666633320544055E-003
          51   1.76199991E-02   2.0670342620628143E-003
          52   1.66100003E-02   2.0713968309771409E-003
          53   1.56500004E-02   1.9667326840676277E-003
          54   1.47399995E-02   2.1079703322966804E-003
          55   1.38800004E-02   2.0620362481594732E-003
          56   1.30799999E-02   2.0947898711957567E-003
          57   1.23399999E-02   2.1097097469329538E-003
          58   1.16600003E-02   2.1331065866180806E-003
          59   1.10299997E-02   2.1107335395841829E-003
          60   1.04499999E-02   2.0753439445273464E-003
          61   9.89000034E-03   2.1010574427704647E-003
          62   9.34999995E-03   2.1432545184596218E-003
          63   8.82999972E-03   2.1465018607678813E-003
          64   8.34999979E-03   2.0750543309168449E-003
          65   7.86999986E-03   2.0950695712796366E-003
          66   7.42000015E-03   2.1319680592786195E-003
          67   6.95999991E-03   2.0904926202411620E-003
          68   6.50000013E-03   2.1042364119350909E-003
          69   6.04999997E-03   2.2027488487923181E-003
          70   5.63000003E-03   2.1477070153950633E-003
          71   5.22000017E-03   2.1749303914786124E-003
          72   4.81999991E-03   2.0205651538201890E-003
          73   4.43999982E-03   2.1120368606052770E-003
          74   4.07999987E-03   2.0847925671137373E-003
          75   3.74999992E-03   2.1521372336366969E-003
          76   3.41999996E-03   2.1231277397335715E-003
          77   3.10000009E-03   2.1683668347776946E-003
          78   2.77999998E-03   2.0934236251967980E-003
          79   2.48000002E-03   2.1203625325405657E-003
          80   2.18999991E-03   2.1237489781933375E-003
          81   1.93000003E-03   2.0921969862265199E-003
          82   1.67000003E-03   2.1185285875711508E-003
          83   1.42999995E-03   2.1377655204616224E-003
          84   1.18000002E-03   2.1702546833628996E-003
          85   9.50000016E-04   2.1494481057780608E-003
          86   7.30000029E-04   2.1362006411400759E-003
          87   5.20000001E-04   2.1115513509394573E-003
          88   3.19999992E-04   2.1300971927140531E-003
          89   1.50000007E-04   2.1337345051837811E-003
          90  -1.99999995E-05   2.1932493344539472E-003
          91  -2.09999998E-04   2.2198820432799381E-003
          92  -4.10000008E-04   2.2483007158201388E-003
          93  -6.20000006E-04   2.2417824822887024E-003
          94  -8.09999998E-04   2.2642937561498000E-003
          95  -1.01000001E-03   2.2350259911660150E-003
          96  -1.21999998E-03   2.2688715340317294E-003
          97  -1.41999999E-03   2.2047653967019699E-003
          98  -1.59999996E-03   2.3392036572762683E-003
          99  -1.76999997E-03   2.3407073294222356E-003
         100  -1.90999999E-03   2.3014023459562720E-003
         101  -2.05000001E-03   2.2534329396735114E-003
         102  -2.15999992E-03   2.3402305083488925E-003
         103  -2.27000006E-03   2.2989019583613338E-003
         104  -2.36000004E-03   2.2314353901175641E-003
         105  -2.40999996E-03   2.3219814744991265E-003
         106  -2.46000011E-03   2.2693980768210601E-003
         107  -2.49999994E-03   2.3319645653459981E-003
         108  -2.52999994E-03   2.3768197064412602E-003
         109  -2.52999994E-03   2.3020537446116754E-003
         110  -2.52000010E-03   2.2827862584918405E-003
         111  -2.48000002E-03   2.2960034925960191E-003
         112  -2.45000003E-03   2.3561092391043851E-003
         113  -2.37999996E-03   2.4905402174679606E-003
         114  -2.27999990E-03   2.2985957261746405E-003
         115  -2.14000000E-03   2.3555770182939551E-003
         116  -2.00000009E-03   2.3694254396514746E-003
         117  -1.84000004E-03   2.4125952166784226E-003
         118  -1.64000003E-03   2.5659339335554637E-003
         119  -1.44000002E-03   2.5297535592900622E-003
         120  -1.23000005E-03   2.5165789794757035E-003
         121  -1.01999997E-03   2.4636760191155582E-003
         122  -7.99999980E-04   2.4449751785292455E-003
         123  -5.90000011E-04   2.4646607090898160E-003
         124  -3.80000012E-04   2.5476913057011141E-003
         125  -1.59999996E-04   2.5227237551231798E-003
         126   7.00000019E-05   2.5376741899463930E-003
         127   3.10000003E-04   2.6252345033518408E-003
         128   5.49999997E-04   2.5736337379316603E-003
         129   7.90000020E-04   2.5995383209844146E-003
         130   1.01999997E-03   2.6825822052057528E-003
         131   1.24999997E-03   2.7290651873757617E-003
         132   1.46000006E-03   2.7556485269375919E-003
         133   1.62999996E-03   2.6786152658176982E-003
         134   1.82000000E-03   2.6246128329147230E-003
         135   2.02000001E-03   2.7946394228554848E-003
         136   2.18000007E-03   2.7766938614516971E-003
         137   2.30999989E-03   2.7061329030728118E-003
         138   2.40999996E-03   2.6369250031680366E-003
         139   2.49000010E-03   2.6936295562980700E-003
         140   2.57000001E-03   2.6127780533662581E-003
         141   2.64999992E-03   2.6807987318031015E-003
         142   2.74999999E-03   2.6523648935546282E-003
         143   2.86999997E-03   2.7504917814711099E-003
         144   3.00000003E-03   2.7785306560745879E-003
         145   3.13000008E-03   2.6446959566933325E-003
         146   3.23999999E-03   2.8600797572895377E-003
         147   3.32999998E-03   2.8213674446802379E-003
         148   3.40999989E-03   2.7806279366339617E-003
         149   3.55000002E-03   2.7466329527299866E-003
         150   3.68000008E-03   2.6307108478520092E-003
