           1  0.477169991       3.1739712449651318E-003
           2  0.452800006       3.2847322380363149E-003
           3  0.429690003       3.3698782840413835E-003
           4  0.407759994       3.2031670110690361E-003
           5  0.386940002       3.1792507037618372E-003
           6  0.367190003       3.1502932038975162E-003
           7  0.348439991       3.1621960108275463E-003
           8  0.330669999       3.1564889603736836E-003
           9  0.313820004       3.0967842938378776E-003
          10  0.297829986       3.2684486275928559E-003
          11  0.282660007       3.1512167394785553E-003
          12  0.268260002       3.0544721373524184E-003
          13  0.254599988       2.9983729071464608E-003
          14  0.241659999       3.0546043647466312E-003
          15  0.229369998       2.9331569336239812E-003
          16  0.217690006       2.9289998899917299E-003
          17  0.206609994       2.8290035836049604E-003
          18  0.196089998       2.8498965284065735E-003
          19  0.186110005       2.8525406556189244E-003
          20  0.176630005       2.8291313476549534E-003
          21  0.167630002       2.8730781472598864E-003
          22  0.159079999       2.8308999881203906E-003
          23  0.150969997       2.7932005377760360E-003
          24  0.143270001       2.7351017452490992E-003
          25  0.135959998       2.8605553465433095E-003
          26  0.129010007       2.7374542115345640E-003
          27  0.122390002       2.7018586456208286E-003
          28  0.116109997       2.7940305500519231E-003
          29  0.110140003       2.7073526124208134E-003
          30  0.104450002       2.7156655899018040E-003
          31   9.90500003E-02   2.6879803543774475E-003
          32   9.39199999E-02   2.6188211504935455E-003
          33   8.90400037E-02   2.6670436536844560E-003
          34   8.43999982E-02   2.6604032154197844E-003
          35   7.99800009E-02   2.5577087458910595E-003
          36   7.57799968E-02   2.4995703259643137E-003
          37   7.17699975E-02   2.6099291958999000E-003
          38   6.79700002E-02   2.5533001172344267E-003
          39   6.43500015E-02   2.4995731923795604E-003
          40   6.09200001E-02   2.5160962401173728E-003
          41   5.76599985E-02   2.5529767473509127E-003
          42   5.45700006E-02   2.6513949921955168E-003
          43   5.16100004E-02   2.5270950904681335E-003
          44   4.87999991E-02   2.6309465564888571E-003
          45   4.61499989E-02   2.5599815296713357E-003
          46   4.36200015E-02   2.5939652927821156E-003
          47   4.12099995E-02   2.4910869373036527E-003
          48   3.89299989E-02   2.4555866003528552E-003
          49   3.67799997E-02   2.4990099826797145E-003
          50   3.47499996E-02   2.4647657516725183E-003
          51   3.28399986E-02   2.5000806618409163E-003
          52   3.10500003E-02   2.5609919286681917E-003
          53   2.93799993E-02   2.4048030218173848E-003
          54   2.78099999E-02   2.5501244416829129E-003
          55   2.63000000E-02   2.5035868270351243E-003
          56   2.48600002E-02   2.5306983949023513E-003
          57   2.35099997E-02   2.4129097738951853E-003
          58   2.22100001E-02   2.5528457211913343E-003
          59   2.09800005E-02   2.4726949606107859E-003
          60   1.98100004E-02   2.5468676804925273E-003
          61   1.86800007E-02   2.6113025335988307E-003
          62   1.75999999E-02   2.4693938868991408E-003
          63   1.65599994E-02   2.5416476112023901E-003
          64   1.55600002E-02   2.5384804802155874E-003
          65   1.46100000E-02   2.5401198698435951E-003
          66   1.37000000E-02   2.5119655496595042E-003
          67   1.28499996E-02   2.5756155517128575E-003
          68   1.20400004E-02   2.5562516184761989E-003
          69   1.12500004E-02   2.5313106022666078E-003
          70   1.04900002E-02   2.4943029054393818E-003
          71   9.75999981E-03   2.5388682076828307E-003
          72   9.08000022E-03   2.5771845480392574E-003
          73   8.39999970E-03   2.4371709479774676E-003
          74   7.78000010E-03   2.4583866728027431E-003
          75   7.19999988E-03   2.5535879430349010E-003
          76   6.64999988E-03   2.5629383139230150E-003
          77   6.14000019E-03   2.4978912158198671E-003
          78   5.65000018E-03   2.5539973598972471E-003
          79   5.21000009E-03   2.5312367117579422E-003
          80   4.80000023E-03   2.6343520011158222E-003
          81   4.41000005E-03   2.5529441319778316E-003
          82   4.05000011E-03   2.5804253031001551E-003
          83   3.73000000E-03   2.5125053746896291E-003
          84   3.43000004E-03   2.5204040928202150E-003
          85   3.13999993E-03   2.6342947717267274E-003
          86   2.86999997E-03   2.5844576534544963E-003
          87   2.58999993E-03   2.5079377057327661E-003
          88   2.33999989E-03   2.7046017123884495E-003
          89   2.14000000E-03   2.5367382247475120E-003
          90   1.94999995E-03   2.5847692205720053E-003
          91   1.78000005E-03   2.5064011156897864E-003
          92   1.61000004E-03   2.4983787728664504E-003
          93   1.46000006E-03   2.5828479252870827E-003
          94   1.33999996E-03   2.5740033614128394E-003
          95   1.21999998E-03   2.5975117597813861E-003
          96   1.10999995E-03   2.6171419677838230E-003
          97   1.00000005E-03   2.6632424293552268E-003
          98   8.90000025E-04   2.5760219594993020E-003
          99   7.80000002E-04   2.5176963888695683E-003
         100   6.90000015E-04   2.5283459766143796E-003
         101   6.00000028E-04   2.4844021812779555E-003
         102   5.20000001E-04   2.5752206267999440E-003
         103   4.49999992E-04   2.5434591554935404E-003
         104   3.99999990E-04   2.5233733723492397E-003
         105   3.49999988E-04   2.6106252786491555E-003
         106   3.10000003E-04   2.6498652892613561E-003
         107   2.80000007E-04   2.5891572035575501E-003
         108   2.60000001E-04   2.6139817757207329E-003
         109   2.50000012E-04   2.6551564969879682E-003
         110   2.50000012E-04   2.6278486010643714E-003
         111   2.39999994E-04   2.7250151449345695E-003
         112   2.30000005E-04   2.6102946936448091E-003
         113   2.30000005E-04   2.6750134427765064E-003
         114   2.09999998E-04   2.6153110351068800E-003
         115   2.09999998E-04   2.7144503595776205E-003
         116   2.20000002E-04   2.7461452268411923E-003
         117   2.20000002E-04   2.8441398042409753E-003
         118   2.30000005E-04   2.7869601102164521E-003
         119   2.50000012E-04   2.7595454123171912E-003
         120   2.60000001E-04   2.8253004474820256E-003
         121   2.50000012E-04   2.6349821776242592E-003
         122   2.30000005E-04   2.8534257294658863E-003
         123   2.09999998E-04   2.6577651942939007E-003
         124   1.59999996E-04   2.7525278191066643E-003
         125   9.99999975E-05   2.7217068825380383E-003
         126   9.99999975E-06   2.7802402036269129E-003
         127  -9.00000014E-05   2.8089812685858839E-003
         128  -2.09999998E-04   2.7539240154386075E-003
         129  -3.30000010E-04   2.8769889259324150E-003
         130  -4.49999992E-04   2.8610413368342592E-003
         131  -5.90000011E-04   2.7358332629146475E-003
         132  -7.30000029E-04   2.8235232842253751E-003
         133  -8.59999971E-04   2.8550019860979587E-003
         134  -9.89999971E-04   2.8908029934743328E-003
         135  -1.09999999E-03   2.9073031059266936E-003
         136  -1.21999998E-03   2.8207106908149770E-003
         137  -1.33999996E-03   2.9020607594792162E-003
         138  -1.44999998E-03   2.8716324422149377E-003
         139  -1.56999996E-03   2.9925196818948287E-003
         140  -1.67999999E-03   2.8258604182517114E-003
         141  -1.79000001E-03   2.7484617498727570E-003
         142  -1.91999995E-03   2.9986704023174113E-003
         143  -2.06000009E-03   2.9611439614242842E-003
         144  -2.19999999E-03   2.9772282607107630E-003
         145  -2.34999997E-03   2.9516778567015788E-003
         146  -2.51000002E-03   2.9924998859187130E-003
         147  -2.67999992E-03   2.9980402039841048E-003
         148  -2.85000005E-03   3.1161589150858612E-003
         149  -3.01000010E-03   2.8435696036187598E-003
         150  -3.16999992E-03   3.0591656622349747E-003
         151  -3.32999998E-03   3.0086033377097715E-003
         152  -3.49000003E-03   3.1255995270726452E-003
         153  -3.64000001E-03   3.0345054672913617E-003
         154  -3.77999991E-03   2.9904470770699618E-003
         155  -3.90999997E-03   3.2680381730438401E-003
         156  -4.04000003E-03   2.9306733198247916E-003
         157  -4.14999994E-03   3.0638905345955923E-003
         158  -4.25999984E-03   3.1658490211366277E-003
         159  -4.36000014E-03   2.9893529825610896E-003
         160  -4.45999997E-03   3.1284205337771443E-003
         161  -4.55999980E-03   3.1807381970345417E-003
         162  -4.67000017E-03   3.2026896024875211E-003
         163  -4.74999985E-03   3.1679236359431588E-003
         164  -4.82999999E-03   3.2881220797254065E-003
         165  -4.91000013E-03   3.0910121453747485E-003
         166  -4.97000013E-03   3.1545689511978795E-003
         167  -5.06999996E-03   3.2259211935436807E-003
         168  -5.16000018E-03   3.2416354016965017E-003
         169  -5.23999985E-03   3.1677940898732710E-003
         170  -5.30999992E-03   3.2692384896260435E-003
         171  -5.36999991E-03   3.3192365903116118E-003
         172  -5.41999983E-03   3.3957860987046894E-003
         173  -5.47000021E-03   3.2897162111366991E-003
         174  -5.51000005E-03   3.2015570084474479E-003
         175  -5.52000012E-03   3.0972567346598590E-003
         176  -5.49999997E-03   3.2797785145353949E-003
         177  -5.46000013E-03   3.2516337933716759E-003
         178  -5.41000022E-03   3.2795494283738972E-003
         179  -5.34000015E-03   3.2288576177857083E-003
         180  -5.27000008E-03   3.2884487585005955E-003
         181  -5.18999994E-03   3.3534822474788313E-003
         182  -5.09000011E-03   3.2992045345398885E-003
         183  -4.98000020E-03   3.1067451610466796E-003
         184  -4.86999983E-03   3.2799202747277787E-003
         185  -4.74999985E-03   3.2760146202468134E-003
         186  -4.61000018E-03   3.4156331680509468E-003
         187  -4.45999997E-03   3.1663818806086036E-003
         188  -4.30000015E-03   3.3398780418717492E-003
         189  -4.12999978E-03   3.2275933990316358E-003
         190  -3.94999981E-03   3.3667696803368107E-003
