           1  0.171330005       5.5833963542826711E-004
           2   6.53700009E-02   5.2722799455098162E-004
           3   2.54699998E-02   4.9238806930417488E-004
           4   1.03599997E-02   4.8119906313663088E-004
           5   4.47000004E-03   4.9714570922684484E-004
           6   1.59999996E-03   5.2981727333931898E-004
           7   3.69999994E-04   5.3205210147783046E-004
           8   1.19999997E-04   5.8358619512756892E-004
           9  -3.99999990E-05   6.1571495792566648E-004
          10   5.00000024E-04   5.9121842566361993E-004
