  0.447692454       6.4846617898343820E-004  0.552878022       6.3479238319689296E-004
  0.485624254       8.4369338201942690E-004  0.379029602       3.0372180863814279E-004
  0.493415564       1.0151289769795989E-003  0.278610855       1.7232986531812240E-004
  0.495137006       1.1786110026725117E-003  0.219074205       1.1990309195841519E-004
  0.498116791       1.3284419939724617E-003  0.180140957       8.6538620833445082E-005
  0.497344643       1.6180388174299740E-003  0.152792573       7.2136306986933651E-005
  0.499396354       1.7145884212633280E-003  0.132698298       5.8196714595720755E-005
  0.496536344       1.7817728179908674E-003  0.117240086       4.6486209070219248E-005
  0.496061444       1.8040344446961906E-003  0.104926400       3.8633836931612373E-005
  0.497143984       2.0971313708315715E-003   9.49949399E-02   3.3030738672217327E-005
  0.494882673       2.2239347882189696E-003   8.67178515E-02   3.0570574063035708E-005
  0.499141484       2.2177523847499206E-003   7.98867196E-02   2.4933403860542763E-005
  0.499611706       2.4919814439045679E-003   7.39763677E-02   2.4079596703260680E-005
  0.493689358       2.5214883398550982E-003   6.88695163E-02   2.1013588310617236E-005
  0.493785799       2.7686371824281026E-003   6.44344911E-02   1.9805126508567440E-005
  0.496777624       2.8934051037726250E-003   6.05410933E-02   1.7471652843214539E-005
  0.496471792       2.9520688455386790E-003   5.71076386E-02   1.6839337357198206E-005
  0.498839110       3.2037307346141808E-003   5.40175550E-02   1.5105687818688900E-005
  0.502852082       3.1990365502545925E-003   5.12713753E-02   1.4814501211731092E-005
  0.498103648       3.4946997306245088E-003   4.87356856E-02   1.2798312848939793E-005
