           1  0.460280001       2.3705850827957869E-003
           2  0.426109999       2.4008367948722092E-003
           3  0.394479990       2.4226903120450781E-003
           4  0.365179986       2.4244377261491497E-003
           5  0.338039994       2.3718232783714582E-003
           6  0.312900007       2.3300497600911903E-003
           7  0.289620012       2.3094253219618967E-003
           8  0.268059999       2.3263160121908340E-003
           9  0.248099998       2.2952085129088746E-003
          10  0.229640007       2.2766520126440092E-003
          11  0.212559998       2.1971922419467072E-003
          12  0.196740001       2.2532229833325868E-003
          13  0.182099998       2.2681702335127498E-003
          14  0.168550000       2.2232844816302728E-003
          15  0.156010002       2.2392120442245658E-003
          16  0.144390002       2.1362631058391519E-003
          17  0.133609995       2.1387874617698512E-003
          18  0.123630002       2.1713218066181676E-003
          19  0.114399999       2.0376477580151347E-003
          20  0.105839998       2.0580173219043735E-003
          21   9.79200006E-02   2.0959008654130138E-003
          22   9.05800015E-02   2.0232832833369406E-003
          23   8.37799981E-02   2.0879029458583430E-003
          24   7.74599984E-02   1.9870942668040090E-003
          25   7.16100037E-02   1.9473589529148600E-003
          26   6.61799982E-02   1.9689186113866007E-003
          27   6.11499995E-02   1.9850114361655495E-003
          28   5.65100014E-02   1.9605320418340610E-003
          29   5.22000007E-02   1.8674632135567001E-003
          30   4.82299998E-02   1.8710612742105504E-003
          31   4.45699990E-02   1.9168815121782272E-003
          32   4.11700010E-02   1.9096449982384952E-003
          33   3.80299985E-02   1.9813885627494843E-003
          34   3.51600014E-02   1.9287588224323419E-003
          35   3.24900001E-02   1.8940763949448793E-003
          36   3.00299991E-02   1.9399546834817831E-003
          37   2.77399998E-02   1.8713186878297984E-003
          38   2.56399997E-02   1.8838875069909955E-003
          39   2.36799996E-02   1.8908135061775334E-003
          40   2.18700003E-02   1.8839163879080278E-003
          41   2.02099998E-02   1.9068559033063788E-003
          42   1.86700001E-02   1.9431679511552815E-003
          43   1.72400009E-02   1.9793780329957255E-003
          44   1.59399994E-02   2.0635079221280241E-003
          45   1.47500001E-02   1.8694810658412789E-003
          46   1.36799999E-02   2.0017853893882225E-003
          47   1.26900002E-02   1.9168070616539027E-003
          48   1.17499996E-02   1.9518847493556341E-003
          49   1.08899996E-02   1.9529975718097857E-003
          50   1.01199998E-02   1.9503646398113710E-003
          51   9.39999986E-03   1.8937086495143043E-003
          52   8.75999965E-03   1.9783163572420540E-003
          53   8.15999974E-03   2.0164968782515904E-003
          54   7.62999989E-03   1.9208970833522940E-003
          55   7.13999989E-03   1.9893578123042922E-003
          56   6.69000018E-03   1.9253155805022128E-003
          57   6.30000001E-03   1.9515030160902477E-003
          58   5.95000014E-03   1.9527033716921513E-003
          59   5.63000003E-03   2.0646046461994453E-003
          60   5.34000015E-03   1.9899821824521605E-003
          61   5.04999980E-03   1.9844724131994952E-003
          62   4.82999999E-03   2.0223555951678299E-003
          63   4.65000002E-03   2.0365970557814947E-003
          64   4.51999996E-03   1.9312932777090772E-003
          65   4.37999982E-03   1.9569430741161742E-003
          66   4.27999999E-03   2.0269423051189118E-003
          67   4.18000016E-03   1.8958240825529481E-003
          68   4.08999994E-03   1.8775925324844118E-003
          69   3.99000011E-03   1.8716137774496186E-003
          70   3.89000005E-03   2.0020588863486365E-003
          71   3.81999998E-03   1.9532975290181879E-003
          72   3.71999992E-03   2.0511762091076041E-003
          73   3.59999994E-03   2.0696202359876625E-003
          74   3.50999995E-03   1.9368746840377534E-003
          75   3.40999989E-03   1.9581306475566799E-003
          76   3.31000006E-03   2.0229388611535544E-003
          77   3.22000007E-03   1.9687833354992738E-003
          78   3.13999993E-03   2.0269309543800400E-003
          79   3.04999994E-03   2.0524493991253292E-003
          80   2.98000011E-03   2.1289346068019601E-003
          81   2.92999996E-03   2.0767139026396449E-003
          82   2.86999997E-03   2.0674477241146472E-003
          83   2.86999997E-03   2.1710969619306705E-003
          84   2.82999990E-03   2.0896094299199175E-003
          85   2.79999990E-03   2.1655139734667894E-003
          86   2.74999999E-03   2.2027496832047176E-003
          87   2.67000007E-03   2.1561938063726330E-003
          88   2.60000001E-03   2.1342787713857603E-003
          89   2.52000010E-03   2.2320579259779874E-003
          90   2.43999995E-03   2.2274945994118726E-003
          91   2.36000004E-03   2.2514150002854783E-003
          92   2.30000005E-03   2.2782876982765346E-003
          93   2.27000006E-03   2.2900599393846574E-003
          94   2.25999998E-03   2.1700403004100469E-003
          95   2.21000006E-03   2.2448452951327139E-003
          96   2.15999992E-03   2.3253490479906123E-003
          97   2.14000000E-03   2.3490763363066308E-003
          98   2.12000008E-03   2.2791618479026860E-003
          99   2.11000000E-03   2.3419533106221499E-003
         100   2.11000000E-03   2.3240619799307482E-003
         101   2.09999993E-03   2.2995467622778177E-003
         102   2.08000001E-03   2.3898736269239995E-003
         103   2.06999993E-03   2.3795607529186764E-003
         104   2.06000009E-03   2.3677378822762741E-003
         105   2.09000008E-03   2.4259985591314898E-003
         106   2.08000001E-03   2.3702304249166705E-003
         107   2.06999993E-03   2.2969598732745437E-003
         108   2.09999993E-03   2.4299809387695044E-003
         109   2.12999992E-03   2.4240346011083942E-003
         110   2.15999992E-03   2.4262402509857592E-003
         111   2.18999991E-03   2.5031083350099156E-003
         112   2.24999990E-03   2.4868549121639309E-003
         113   2.27999990E-03   2.4671362361931215E-003
         114   2.33999989E-03   2.4742735795839034E-003
         115   2.40000011E-03   2.4684837562282728E-003
         116   2.43999995E-03   2.5340685138915998E-003
         117   2.51000002E-03   2.6031079602173925E-003
         118   2.58000009E-03   2.5423756600560718E-003
         119   2.67999992E-03   2.4826331036451438E-003
         120   2.73999991E-03   2.5496964376243055E-003
         121   2.79000006E-03   2.5077613344381515E-003
         122   2.83999997E-03   2.7045152709539253E-003
         123   2.92000012E-03   2.5626640046476678E-003
         124   2.98000011E-03   2.5154878238250428E-003
         125   3.01000010E-03   2.5784047582062914E-003
         126   3.03000002E-03   2.6010291193006171E-003
         127   3.01999995E-03   2.6056923145332043E-003
         128   3.01000010E-03   2.6249676234684342E-003
         129   2.98999995E-03   2.5209122027320154E-003
         130   2.95000011E-03   2.6243405613279192E-003
