           1  0.465570003       2.8137997781270494E-003
           2  0.433580011       2.7512737601960236E-003
           3  0.403800011       2.8359450429769630E-003
           4  0.376060009       2.7457100723367110E-003
           5  0.350230008       2.7664373859327875E-003
           6  0.326169997       2.8117624407198133E-003
           7  0.303770006       2.7562460088959343E-003
           8  0.282889992       2.6384338662257239E-003
           9  0.263460010       2.7466708333767167E-003
          10  0.245350003       2.5677853895221584E-003
          11  0.228479996       2.4897074073633842E-003
          12  0.212799996       2.5205047496671290E-003
          13  0.198190004       2.5351499802750747E-003
          14  0.184579998       2.5275821833273650E-003
          15  0.171900004       2.3864383019404412E-003
          16  0.160070002       2.4342969409786946E-003
          17  0.149049997       2.3385033941850032E-003
          18  0.138779998       2.3995481360802430E-003
          19  0.129199997       2.3756936796312275E-003
          20  0.120279998       2.2613903113579649E-003
          21  0.111950003       2.2320824151762625E-003
          22  0.104189999       2.2987850444540076E-003
          23   9.69400033E-02   2.2403146201148143E-003
          24   9.01700035E-02   2.1518904422049645E-003
          25   8.38799998E-02   2.1895541655108587E-003
          26   7.79900029E-02   2.1104745457008350E-003
          27   7.24499971E-02   2.1682630138766647E-003
          28   6.72800019E-02   2.1688805852272982E-003
          29   6.24400005E-02   2.0979620868294712E-003
          30   5.79000004E-02   2.1336792165669773E-003
          31   5.36300018E-02   2.0560265619332628E-003
          32   4.96300012E-02   2.0303055581873831E-003
          33   4.58899997E-02   1.9927580022212022E-003
          34   4.23900001E-02   2.1414101897118528E-003
          35   3.90900001E-02   1.9805795802703531E-003
          36   3.60100009E-02   1.9746660726135115E-003
          37   3.31699997E-02   2.0342263385997993E-003
          38   3.05300001E-02   1.9460734496624958E-003
          39   2.80499998E-02   1.9756234480389529E-003
          40   2.57600006E-02   2.1225351443760563E-003
          41   2.36699991E-02   1.9936286235214405E-003
          42   2.17099991E-02   2.0304890935066299E-003
          43   1.99400000E-02   1.9767714455076685E-003
          44   1.83099993E-02   2.0664722258521245E-003
          45   1.67999994E-02   2.0258562250422552E-003
          46   1.54299997E-02   2.0389641040630831E-003
          47   1.42099997E-02   2.0694002798439999E-003
          48   1.30700003E-02   2.0073363741676328E-003
          49   1.20000001E-02   2.0693451126190272E-003
          50   1.10200001E-02   2.0469227772945769E-003
          51   1.01199998E-02   2.1727716475571784E-003
          52   9.29000042E-03   2.1118243285059629E-003
          53   8.51999968E-03   2.1644802638529342E-003
          54   7.80999986E-03   2.0638681867714876E-003
          55   7.13999989E-03   2.1753031407897153E-003
          56   6.53999997E-03   2.1086784262180813E-003
          57   5.96999982E-03   2.1537587404222981E-003
          58   5.43999998E-03   2.1978742090862013E-003
          59   4.98000020E-03   2.1985219827988347E-003
          60   4.54000011E-03   2.2182472754251211E-003
          61   4.13999986E-03   2.2640102891108779E-003
          62   3.77000007E-03   2.2881043732620389E-003
          63   3.43000004E-03   2.1936479749764103E-003
          64   3.10000009E-03   2.2602549664163104E-003
          65   2.82999990E-03   2.2823333801968134E-003
          66   2.58000009E-03   2.2002381690516644E-003
          67   2.34999997E-03   2.3151467925254408E-003
          68   2.11000000E-03   2.2235166926947735E-003
          69   1.84000004E-03   2.3484803440899020E-003
          70   1.59000000E-03   2.3760524421428779E-003
          71   1.35000004E-03   2.3356981407275782E-003
          72   1.12999999E-03   2.3635922203885775E-003
          73   9.10000002E-04   2.3951207944212121E-003
          74   6.99999975E-04   2.4433759227402122E-003
          75   5.09999983E-04   2.3119020751264686E-003
          76   3.39999999E-04   2.3398692500908565E-003
          77   1.50000007E-04   2.3798947939396189E-003
          78   0.00000000       2.5090481615873575E-003
          79  -1.10000001E-04   2.4475402650743221E-003
          80  -1.80000003E-04   2.5577837882884502E-003
          81  -2.50000012E-04   2.4735448619597729E-003
          82  -3.00000014E-04   2.6043391563524880E-003
          83  -3.69999994E-04   2.5852236806046627E-003
          84  -4.29999985E-04   2.5690810334966633E-003
          85  -4.40000003E-04   2.5561260972198777E-003
          86  -4.40000003E-04   2.5454036758133817E-003
          87  -4.19999997E-04   2.4978903181392706E-003
          88  -3.80000012E-04   2.5614131831330979E-003
          89  -3.10000003E-04   2.6341427073784582E-003
          90  -2.09999998E-04   2.5526190608722910E-003
          91  -9.00000014E-05   2.5555454526043145E-003
          92   2.99999992E-05   2.5530636449619250E-003
          93   1.50000007E-04   2.5540771807012791E-003
          94   2.60000001E-04   2.6358569044244834E-003
          95   3.49999988E-04   2.5878582097974322E-003
          96   4.40000003E-04   2.6306459084013156E-003
          97   5.20000001E-04   2.6607424742453893E-003
          98   6.09999988E-04   2.5431647962175547E-003
          99   6.90000015E-04   2.7386145612863914E-003
         100   7.60000024E-04   2.4373397038915797E-003
         101   8.29999975E-04   2.5324539815768173E-003
         102   9.20000020E-04   2.5891581027011859E-003
         103   1.03000004E-03   2.6580559891753305E-003
         104   1.15999999E-03   2.5560733720371119E-003
         105   1.27000001E-03   2.5561526815880103E-003
         106   1.35999999E-03   2.6622281617332592E-003
         107   1.46000006E-03   2.6431393863565987E-003
         108   1.56999996E-03   2.4408549915142272E-003
         109   1.65999995E-03   2.6131830161614683E-003
         110   1.70000002E-03   2.5791276282140698E-003
         111   1.73999998E-03   2.5973674752131884E-003
         112   1.75000005E-03   2.4640556718040787E-003
         113   1.70999998E-03   2.6478047579755171E-003
         114   1.62000000E-03   2.6607139358766478E-003
         115   1.53000001E-03   2.4705641460959931E-003
         116   1.39999995E-03   2.5113477409991810E-003
         117   1.24999997E-03   2.6148897704029520E-003
         118   1.09000003E-03   2.5699812895991921E-003
         119   9.29999980E-04   2.6782014909560508E-003
         120   7.69999984E-04   2.5580114498870757E-003
         121   6.00000028E-04   2.5979974849226158E-003
         122   4.69999999E-04   2.5677275791758094E-003
         123   3.30000010E-04   2.6440966211067063E-003
         124   1.99999995E-04   2.6275502715357385E-003
         125   1.19999997E-04   2.7637865395772981E-003
         126   2.99999992E-05   2.6454522743028746E-003
         127  -1.99999995E-05   2.5821774529493952E-003
         128  -7.99999980E-05   2.6263307526696172E-003
         129  -1.40000004E-04   2.8289128050381115E-003
         130  -1.90000006E-04   2.7750510225659653E-003
         131  -2.50000012E-04   2.7514454229139061E-003
         132  -3.10000003E-04   2.7768865286287993E-003
         133  -3.80000012E-04   2.7169887600091481E-003
         134  -4.19999997E-04   2.7462345762286401E-003
         135  -4.69999999E-04   2.6479127649209309E-003
         136  -4.69999999E-04   2.7453651924911424E-003
         137  -4.69999999E-04   2.7693790184688070E-003
         138  -4.29999985E-04   2.8820220437007532E-003
         139  -3.49999988E-04   2.8115045273801103E-003
         140  -2.60000001E-04   2.7448000534825564E-003
