           1  0.405629992       9.9921955825304901E-004
           2  0.331900001       9.3888397006980872E-004
           3  0.271400005       9.5346816683250946E-004
           4  0.221849993       9.3705142520856437E-004
           5  0.181260005       9.0097123044141126E-004
           6  0.147990003       8.7632617968924598E-004
           7  0.120750003       8.3588356481840986E-004
           8   9.83799994E-02   7.9855678695683299E-004
           9   8.01900029E-02   7.6983251510610081E-004
          10   6.53200001E-02   7.9184533899421693E-004
          11   5.31900004E-02   7.9095745291797885E-004
          12   4.33400013E-02   7.5328787407497554E-004
          13   3.52200009E-02   7.7589970694260703E-004
          14   2.86400001E-02   7.8348872551693184E-004
          15   2.32299995E-02   7.8625088384155545E-004
          16   1.88500006E-02   7.8189259147937488E-004
          17   1.54200001E-02   7.9140820354829135E-004
          18   1.25200003E-02   8.0616587261842084E-004
          19   1.01699997E-02   8.1320134513773756E-004
          20   8.27999972E-03   7.9691062035642428E-004
          21   6.70999987E-03   8.0636322730301630E-004
          22   5.46000013E-03   8.1909364652851216E-004
          23   4.55000019E-03   8.2940861602020469E-004
          24   3.77999991E-03   8.7277632861504394E-004
          25   3.10000009E-03   8.3196833165885087E-004
          26   2.61000008E-03   8.3475270115639078E-004
          27   2.18999991E-03   8.7115282065431527E-004
          28   1.82000000E-03   8.6627928367132164E-004
          29   1.47000002E-03   8.6745106166341644E-004
          30   1.18999998E-03   8.8174106390390898E-004
          31   9.29999980E-04   8.6994019164568720E-004
          32   7.09999993E-04   8.9982704878281911E-004
          33   6.60000020E-04   9.1812561377952763E-004
          34   5.30000019E-04   8.9862442480603420E-004
          35   3.99999990E-04   9.2128729467698563E-004
          36   3.10000003E-04   9.4248095180035553E-004
          37   1.99999995E-04   9.3389990042659209E-004
          38   7.99999980E-05   9.1718723448716219E-004
          39   9.99999975E-06   8.9649106819261542E-004
          40  -1.50000007E-04   9.6754555358630320E-004
          41  -3.19999992E-04   9.6704195020597703E-004
          42  -4.90000006E-04   9.8847766272470907E-004
          43  -5.90000011E-04   9.8454096628400323E-004
          44  -7.60000024E-04   1.0070610691776804E-003
          45  -9.89999971E-04   1.0793871596803349E-003
          46  -1.16999994E-03   1.0601659012092293E-003
          47  -1.30000000E-03   1.0826269758960388E-003
          48  -1.35999999E-03   1.0475943967216887E-003
          49  -1.32000004E-03   1.0460653035867633E-003
          50  -1.18000002E-03   1.0507787634808907E-003
