           1  0.295700014       5.4884543289624712E-004
           2  0.180319995       4.8347222117944345E-004
           3  0.109980002       4.5156131817568194E-004
           4   6.71600029E-02   4.3444657880722145E-004
           5   4.11200002E-02   4.2817770941612829E-004
           6   2.47300006E-02   4.2569424511190365E-004
           7   1.47000002E-02   4.3516644183423859E-004
           8   8.65999982E-03   4.1318977904986119E-004
           9   5.43999998E-03   4.2125888913099657E-004
          10   3.84999998E-03   4.2048194605745249E-004
          11   3.01999995E-03   4.2387523176260253E-004
          12   2.28999997E-03   4.2247026348076996E-004
          13   1.76000001E-03   4.4631369298037013E-004
          14   1.30000000E-03   4.6899838747363031E-004
          15   7.99999980E-04   4.6806497422977121E-004
          16   4.90000006E-04   4.7846798985553722E-004
          17  -1.10000001E-04   5.3247997177450232E-004
          18   0.00000000       5.4164156010776414E-004
          19  -1.90000006E-04   5.5095517238791839E-004
          20   0.00000000       5.3766159601150907E-004
