           1  0.470990002       3.8701198661674316E-003
           2  0.447759986       3.7369289332533006E-003
           3  0.425669998       3.7418552784402167E-003
           4  0.404650003       3.6957207766520487E-003
           5  0.384649992       3.7521513232990798E-003
           6  0.365619987       3.7263012004959085E-003
           7  0.347519994       3.6836722114548396E-003
           8  0.330300003       3.5836469661595476E-003
           9  0.313919991       3.5302465081874746E-003
          10  0.298330009       3.6506064240535447E-003
          11  0.283499986       3.4581922466283403E-003
          12  0.269400001       3.4961290955008730E-003
          13  0.256009996       3.4773880367115432E-003
          14  0.243290007       3.4195332284169084E-003
          15  0.231209993       3.5150683635269326E-003
          16  0.219720006       3.5196598122799066E-003
          17  0.208780006       3.3141778759409241E-003
          18  0.198390007       3.3333898177103287E-003
          19  0.188510001       3.4082312070181932E-003
          20  0.179120004       3.2902872158419344E-003
          21  0.170179993       3.3816072103637698E-003
          22  0.161669999       3.2551980522163666E-003
          23  0.153579995       3.1755777032860945E-003
          24  0.145889997       3.2315522342172102E-003
          25  0.138559997       3.1746554861981674E-003
          26  0.131579995       3.1644070118447940E-003
          27  0.124949999       3.0959283306896232E-003
          28  0.118660003       3.0712299259403738E-003
          29  0.112669997       2.9879099241197004E-003
          30  0.106980003       3.0362625895588463E-003
          31  0.101580001       3.0999224421647928E-003
          32   9.64400023E-02   2.9624277579276314E-003
          33   9.15699974E-02   3.0060655090456134E-003
          34   8.69299993E-02   2.9186479042420787E-003
          35   8.25399980E-02   2.9315659584699559E-003
          36   7.83900023E-02   2.9302978010252059E-003
          37   7.44599998E-02   2.8959772595378002E-003
          38   7.07100034E-02   3.0809614485686758E-003
          39   6.71399981E-02   2.9023808598744069E-003
          40   6.37599975E-02   2.9290889200348342E-003
          41   6.05299994E-02   2.8329777974040759E-003
          42   5.74700013E-02   2.8780316412928436E-003
          43   5.45599982E-02   2.8200384058241941E-003
          44   5.18000014E-02   2.7981700985671995E-003
          45   4.91999984E-02   2.8932126064061441E-003
          46   4.67300005E-02   2.7819397592069714E-003
          47   4.43900004E-02   2.9273042854774541E-003
          48   4.21499982E-02   2.8912151138274968E-003
          49   4.00400013E-02   2.9129380507759302E-003
          50   3.80400009E-02   2.7413329727786922E-003
          51   3.61299999E-02   2.8633204461309836E-003
          52   3.43099982E-02   2.7861264303793046E-003
          53   3.25900018E-02   2.7343176177245018E-003
          54   3.09699997E-02   2.6653050136629382E-003
          55   2.94100009E-02   2.7587384406728265E-003
          56   2.79500000E-02   2.7064214276269587E-003
          57   2.65500005E-02   2.7744707337686750E-003
          58   2.52199993E-02   2.7418407740391532E-003
          59   2.39599999E-02   2.7568437076658523E-003
          60   2.27600001E-02   2.8165212686346243E-003
          61   2.16199998E-02   2.7098789269626245E-003
          62   2.05499995E-02   2.8306739732799780E-003
          63   1.95499994E-02   2.7546083726088721E-003
          64   1.85800008E-02   2.7770474573021414E-003
          65   1.76800005E-02   2.7994867616171859E-003
          66   1.68099999E-02   2.7701769521932258E-003
          67   1.59799997E-02   2.8198105189943300E-003
          68   1.51899997E-02   2.7856750703354051E-003
          69   1.44300004E-02   2.8399859569963096E-003
          70   1.37099996E-02   2.7741299694080263E-003
          71   1.30200004E-02   2.8426314035348049E-003
          72   1.23800002E-02   2.9463995445938090E-003
          73   1.17600001E-02   2.8564471228811499E-003
          74   1.11999996E-02   2.7444572033245708E-003
          75   1.06600001E-02   2.9166915577211764E-003
          76   1.01500005E-02   2.7617631936996232E-003
          77   9.65999998E-03   2.9236842298608081E-003
          78   9.20999981E-03   2.7874374053302410E-003
          79   8.79000034E-03   2.8692197685667212E-003
          80   8.41000024E-03   2.9406441580492842E-003
          81   8.05000030E-03   2.9095128767456378E-003
          82   7.69999996E-03   2.9383409371044485E-003
          83   7.36000016E-03   2.9105615194374131E-003
          84   7.01999990E-03   3.0677963941351354E-003
          85   6.69000018E-03   2.9502241400048168E-003
          86   6.37000008E-03   2.8650878206865284E-003
          87   6.06000004E-03   3.0519252163851013E-003
          88   5.75000001E-03   2.8918324673696716E-003
          89   5.43999998E-03   2.9150185532486978E-003
          90   5.14000002E-03   2.8556466398627287E-003
          91   4.86000022E-03   2.9693964040262036E-003
          92   4.56999987E-03   2.9635744996757952E-003
          93   4.29000007E-03   2.9913089472635933E-003
          94   3.99000011E-03   2.8189943090690451E-003
          95   3.68999992E-03   3.0922245409077788E-003
          96   3.38999997E-03   3.0130113802178909E-003
          97   3.10000009E-03   3.0761591800771209E-003
          98   2.80999998E-03   3.0629177992564905E-003
          99   2.52999994E-03   3.0063782703548514E-003
         100   2.27000006E-03   3.0331584536166735E-003
         101   2.00999994E-03   2.9804934703754546E-003
         102   1.75000005E-03   3.0502945834649849E-003
         103   1.50000001E-03   3.0314656089946643E-003
         104   1.23000005E-03   3.0275203247084157E-003
         105   9.59999976E-04   3.0363424273716863E-003
         106   7.09999993E-04   3.0869618674076210E-003
         107   4.60000010E-04   3.0988760892513255E-003
         108   2.09999998E-04   3.0300640411797279E-003
         109  -3.99999990E-05   2.8891981201303249E-003
         110  -3.00000014E-04   3.1091517130182929E-003
         111  -5.39999979E-04   3.0316816371802396E-003
         112  -7.69999984E-04   3.0741653542236259E-003
         113  -9.69999994E-04   2.9818041537959354E-003
         114  -1.16999994E-03   3.1594997821942292E-003
         115  -1.35000004E-03   3.0342729572322338E-003
         116  -1.52000005E-03   2.9937188888379258E-003
         117  -1.67999999E-03   3.1475163897942563E-003
         118  -1.81000005E-03   3.0658121705956689E-003
         119  -1.93999999E-03   3.1070256595228255E-003
         120  -2.03999993E-03   3.0241874565080542E-003
         121  -2.11000000E-03   3.0317576008913761E-003
         122  -2.15999992E-03   3.0490505582977910E-003
         123  -2.18000007E-03   3.2114443246165779E-003
         124  -2.18000007E-03   3.1452981675369677E-003
         125  -2.15999992E-03   3.1572337115514850E-003
         126  -2.12000008E-03   3.0705390600555584E-003
         127  -2.06000009E-03   3.1650801840206050E-003
         128  -1.99000002E-03   3.2717502801658058E-003
         129  -1.90999999E-03   3.4348554717722468E-003
         130  -1.81000005E-03   3.2244369287165080E-003
         131  -1.67999999E-03   3.2400071590370319E-003
         132  -1.55000004E-03   3.2808404661595473E-003
         133  -1.41000003E-03   3.1723168144478812E-003
         134  -1.24999997E-03   3.2779486111200952E-003
         135  -1.07000000E-03   3.2571364320088851E-003
         136  -8.69999989E-04   3.2034326766254401E-003
         137  -6.39999984E-04   3.2913603635533859E-003
         138  -3.90000001E-04   3.4315745693222822E-003
         139  -1.10000001E-04   3.1595169644809125E-003
         140   1.40000004E-04   3.3386391630928144E-003
         141   4.10000008E-04   3.3019121798989691E-003
         142   6.60000020E-04   3.2644554039211299E-003
         143   9.10000002E-04   3.2422715784125610E-003
         144   1.15999999E-03   3.1842152046704262E-003
         145   1.38999999E-03   3.3128829939421834E-003
         146   1.61000004E-03   3.3024449679327273E-003
         147   1.82000000E-03   3.3138091059313748E-003
         148   2.03000009E-03   3.4269598525711073E-003
         149   2.21999991E-03   3.2285138144386278E-003
         150   2.39000004E-03   3.3571625465124732E-003
         151   2.58000009E-03   3.2978850273893317E-003
         152   2.76999990E-03   3.2762564405977683E-003
         153   2.94000003E-03   3.5105910982400667E-003
         154   3.12000001E-03   3.3378391273507059E-003
         155   3.28999991E-03   3.4435404992719395E-003
         156   3.46000004E-03   3.4362255740553560E-003
         157   3.62000009E-03   3.4004418049072868E-003
         158   3.77000007E-03   3.3295981879279436E-003
         159   3.92000005E-03   3.5066192208464898E-003
         160   4.06000018E-03   3.3553478179237290E-003
         161   4.22000000E-03   3.3104276890388437E-003
         162   4.35000006E-03   3.4240347435376484E-003
         163   4.45999997E-03   3.3839767179653516E-003
         164   4.55999980E-03   3.4682876914080862E-003
         165   4.62999986E-03   3.3997312843777891E-003
         166   4.69999993E-03   3.4840729580631062E-003
         167   4.78000008E-03   3.5472358494349531E-003
         168   4.84000007E-03   3.3815873958281699E-003
         169   4.90000006E-03   3.5253177279730512E-003
         170   4.97000013E-03   3.4730161157243227E-003
         171   5.02000004E-03   3.4202550189359523E-003
         172   5.09000011E-03   3.6015348781520736E-003
         173   5.15000010E-03   3.5082449274376889E-003
         174   5.20000001E-03   3.5413006225856864E-003
         175   5.22999978E-03   3.4951303562864525E-003
         176   5.24999993E-03   3.4266241746923752E-003
         177   5.28000016E-03   3.4380813660287893E-003
         178   5.27000008E-03   3.4769547717336440E-003
         179   5.26000001E-03   3.6473302207033942E-003
         180   5.26000001E-03   3.6016280621470314E-003
         181   5.26000001E-03   3.5527264776106307E-003
         182   5.28000016E-03   3.7602700671075144E-003
         183   5.28999977E-03   3.7281396753357614E-003
         184   5.32000000E-03   3.4378296505565070E-003
         185   5.35000023E-03   3.5597216981124113E-003
         186   5.41000022E-03   3.7939906719907297E-003
         187   5.47000021E-03   3.6244852107448484E-003
         188   5.49999997E-03   3.7231307212016083E-003
         189   5.53999981E-03   3.6540751326747016E-003
         190   5.59000019E-03   3.7798570493170988E-003
         191   5.65999979E-03   3.7570529993714735E-003
         192   5.72999986E-03   3.6555015119048608E-003
         193   5.78999985E-03   3.6626932241440161E-003
         194   5.84999984E-03   3.8282229927452693E-003
         195   5.92999998E-03   3.6384430839323523E-003
         196   6.01000013E-03   3.6201866085834320E-003
         197   6.06000004E-03   3.7430129399333447E-003
         198   6.14999980E-03   3.6259513157126007E-003
         199   6.21999986E-03   3.6549424389860220E-003
         200   6.27999986E-03   3.6747357060300384E-003
