           1  0.432819992       1.4019902369070436E-003
           2  0.375369996       1.4654478271626293E-003
           3  0.325580001       1.3791040088382851E-003
           4  0.282400012       1.3812146891132371E-003
           5  0.244900003       1.3827768712038517E-003
           6  0.212369993       1.3353653974451198E-003
           7  0.184159994       1.2655336553879383E-003
           8  0.159659997       1.2418983355170499E-003
           9  0.138390005       1.2826384956446083E-003
          10  0.119910002       1.2809087130514324E-003
          11  0.103909999       1.1903902543045509E-003
          12   9.00700018E-02   1.1749172449771169E-003
          13   7.80299976E-02   1.1667249814867895E-003
          14   6.76100031E-02   1.1380828785231354E-003
          15   5.86300008E-02   1.1482846588352596E-003
          16   5.09099998E-02   1.1672672013293976E-003
          17   4.43000011E-02   1.1354223674547748E-003
          18   3.85299996E-02   1.1952841171137918E-003
          19   3.35300006E-02   1.1497772674351234E-003
          20   2.91900001E-02   1.1669991796579105E-003
          21   2.54800003E-02   1.1425505583815610E-003
          22   2.21999995E-02   1.1755084301541252E-003
          23   1.94199998E-02   1.1051679990725944E-003
          24   1.70399994E-02   1.1905890644829762E-003
          25   1.49600003E-02   1.1506371240581291E-003
          26   1.31299999E-02   1.1538422415516534E-003
          27   1.15099996E-02   1.1455712465834457E-003
          28   1.00600002E-02   1.2418192231687839E-003
          29   8.75999965E-03   1.1524123696356264E-003
          30   7.60000013E-03   1.1272162136441283E-003
          31   6.56000013E-03   1.1640890973121877E-003
          32   5.67999994E-03   1.1926371431892856E-003
          33   4.87999991E-03   1.1580873331404652E-003
          34   4.17000009E-03   1.1449901985863447E-003
          35   3.59999994E-03   1.1129317688431356E-003
          36   3.10999993E-03   1.1663679827665899E-003
          37   2.70000007E-03   1.1646659327562078E-003
          38   2.34999997E-03   1.1153531984612124E-003
          39   1.99000002E-03   1.1728643226283887E-003
          40   1.73999998E-03   1.1591919879429325E-003
          41   1.64000003E-03   1.1483389604548064E-003
          42   1.59999996E-03   1.1983200999252151E-003
          43   1.64000003E-03   1.2095198020017042E-003
          44   1.73000002E-03   1.2068554449298733E-003
          45   1.85000000E-03   1.1983777381222105E-003
          46   1.94999995E-03   1.2181885527367772E-003
          47   2.03000009E-03   1.1952288409506841E-003
          48   2.06000009E-03   1.2777418323866279E-003
          49   2.05000001E-03   1.1753075607958974E-003
          50   2.00000009E-03   1.2000546585039596E-003
          51   1.97999994E-03   1.2055172020397776E-003
          52   1.87000004E-03   1.2168801360984154E-003
          53   1.85000000E-03   1.2293161517531205E-003
          54   1.82999996E-03   1.2423405216021013E-003
          55   1.79999997E-03   1.3185564336026274E-003
          56   1.70000002E-03   1.2613168917996803E-003
          57   1.59000000E-03   1.3603515278542400E-003
          58   1.50999997E-03   1.3309941438917035E-003
          59   1.41000003E-03   1.3477115359230038E-003
          60   1.29000004E-03   1.3738816192530516E-003
          61   1.10999995E-03   1.3935224256879143E-003
          62   9.50000016E-04   1.4164351042704755E-003
          63   7.69999984E-04   1.4655183758863750E-003
          64   6.00000028E-04   1.4289795199590046E-003
          65   4.60000010E-04   1.5319304281564499E-003
          66   3.90000001E-04   1.5868795506180896E-003
          67   3.19999992E-04   1.4919355928428809E-003
          68   3.69999994E-04   1.5094884351750278E-003
          69   4.19999997E-04   1.4890088594578406E-003
          70   5.20000001E-04   1.5057483117339411E-003
