           1  0.460359991       2.3472920475046117E-003
           2  0.423590004       2.4606374484912453E-003
           3  0.389770001       2.2682075287444939E-003
           4  0.358649999       2.3005527378517792E-003
           5  0.330040008       2.3345838468666591E-003
           6  0.303730011       2.2442308295650849E-003
           7  0.279529989       2.2281771117088930E-003
           8  0.257270008       2.1631681853952166E-003
           9  0.236829996       2.2590220819334993E-003
          10  0.217999995       2.1541343487352666E-003
          11  0.200670004       2.1436012058304366E-003
          12  0.184699997       2.1230664729284016E-003
          13  0.170010000       2.1142405699618623E-003
          14  0.156489998       2.1109611937348040E-003
          15  0.144060001       2.0898012514652359E-003
          16  0.132640004       1.9699883174960548E-003
          17  0.122139998       2.0410917210959860E-003
          18  0.112489998       2.0651066569414736E-003
          19  0.103589997       1.9869240407345071E-003
          20   9.54400003E-02   2.0565033962489888E-003
          21   8.79300013E-02   2.0059187010333414E-003
          22   8.10400024E-02   1.9807948371560395E-003
          23   7.46899992E-02   1.8727738902711219E-003
          24   6.88299984E-02   1.9262157632132255E-003
          25   6.34400025E-02   1.9073244595091592E-003
          26   5.84999993E-02   1.8672474233077700E-003
          27   5.39299995E-02   1.9732463290539270E-003
          28   4.97500002E-02   1.9844425607380774E-003
          29   4.58699986E-02   1.9630303468910816E-003
          30   4.22799997E-02   1.9447295349390632E-003
          31   3.90000008E-02   1.8706656009170768E-003
          32   3.59600000E-02   2.0027123466451338E-003
          33   3.31799984E-02   1.9764154858004711E-003
          34   3.06299999E-02   1.9886021271547905E-003
          35   2.83000004E-02   1.9851625625962764E-003
          36   2.61499994E-02   1.9441717525430762E-003
          37   2.41599996E-02   1.9212202747811479E-003
          38   2.23299991E-02   1.8501230916242836E-003
          39   2.06400007E-02   1.9889092466894181E-003
          40   1.90800000E-02   1.9503339223940182E-003
          41   1.76800005E-02   1.8996164738967422E-003
          42   1.64000001E-02   1.9258193953388067E-003
          43   1.51899997E-02   1.9694022652822661E-003
          44   1.40800001E-02   1.9955737491946209E-003
          45   1.30200004E-02   1.9078232833348362E-003
          46   1.20500000E-02   1.9530346942029629E-003
          47   1.11600002E-02   1.9673700404305196E-003
          48   1.03500001E-02   1.9515609339189072E-003
          49   9.56999976E-03   1.9114002336486093E-003
          50   8.84999987E-03   1.9744447968377855E-003
          51   8.20000004E-03   1.9497275991406731E-003
          52   7.61000020E-03   1.8875404115731630E-003
          53   7.05000013E-03   1.9840257808343194E-003
          54   6.53999997E-03   1.9027659213694617E-003
          55   6.06000004E-03   2.0305402341735737E-003
          56   5.61999995E-03   1.9492550374555174E-003
          57   5.18999994E-03   1.8904229861731992E-003
          58   4.80000023E-03   1.8978656627475128E-003
          59   4.43999982E-03   1.9095345519833048E-003
          60   4.08999994E-03   1.9663826833577498E-003
          61   3.80000006E-03   1.8912397550655696E-003
          62   3.53000010E-03   1.9245881772526295E-003
          63   3.25999991E-03   1.9377548623802966E-003
          64   2.98999995E-03   1.9658851256844218E-003
          65   2.73000007E-03   2.0017364243229349E-003
          66   2.43999995E-03   1.8976446966208680E-003
          67   2.18999991E-03   1.9882599875704478E-003
          68   1.93000003E-03   2.0059229926897163E-003
          69   1.70999998E-03   1.9572375300126272E-003
          70   1.49000005E-03   2.0334349514411639E-003
          71   1.23000005E-03   1.9720584810451452E-003
          72   9.89999971E-04   1.9851206954026247E-003
          73   7.60000024E-04   2.0039098619909004E-003
          74   5.60000015E-04   2.0505862181666502E-003
          75   3.90000001E-04   1.9654445768999165E-003
          76   2.39999994E-04   2.0319891216878240E-003
          77   1.19999997E-04   1.9995425119218552E-003
          78   2.99999992E-05   2.0934616242481692E-003
          79  -4.99999987E-05   1.9744357938325991E-003
          80  -7.99999980E-05   1.9846489358034901E-003
          81  -1.10000001E-04   2.0848654338390202E-003
          82  -1.10000001E-04   2.0870164536406759E-003
          83  -1.19999997E-04   2.0574109898743587E-003
          84  -9.99999975E-05   2.2111525724561403E-003
          85  -7.00000019E-05   2.0114068740553119E-003
          86  -3.99999990E-05   2.1714593653511210E-003
          87  -9.99999975E-06   2.1730791186246236E-003
          88   3.99999990E-05   2.1106070747033100E-003
          89   1.10000001E-04   2.0698246541010468E-003
          90   1.90000006E-04   2.1345541417860749E-003
          91   2.89999996E-04   2.1778440686988491E-003
          92   4.10000008E-04   2.2182221167618321E-003
          93   5.30000019E-04   2.2420382973177685E-003
          94   6.50000002E-04   2.2253246779818450E-003
          95   7.39999989E-04   2.2032082758924759E-003
          96   8.39999993E-04   2.2674869916461640E-003
          97   9.50000016E-04   2.2585800394258038E-003
          98   1.04999996E-03   2.2849735470534234E-003
          99   1.15000003E-03   2.2166567254178590E-003
         100   1.23000005E-03   2.3040788681281516E-003
         101   1.29000004E-03   2.2571616152388722E-003
         102   1.30999996E-03   2.3481118251346854E-003
         103   1.30000000E-03   2.3981679576236081E-003
         104   1.27000001E-03   2.4259909916071864E-003
         105   1.24999997E-03   2.3704537586142333E-003
         106   1.21000002E-03   2.3694020347701820E-003
         107   1.18999998E-03   2.3716084918741923E-003
         108   1.20000006E-03   2.4486414063565297E-003
         109   1.18999998E-03   2.3289096395074536E-003
         110   1.12000003E-03   2.3625162297634733E-003
         111   1.03000004E-03   2.4983580436834184E-003
         112   9.39999998E-04   2.4133245372726206E-003
         113   8.20000016E-04   2.4633296519559152E-003
         114   7.20000011E-04   2.4673781134929790E-003
         115   6.30000024E-04   2.4111031739546089E-003
         116   5.49999997E-04   2.4175756511201755E-003
         117   4.79999988E-04   2.4073007041129019E-003
         118   4.40000003E-04   2.3773808317699256E-003
         119   3.99999990E-04   2.4385512958007127E-003
         120   3.60000005E-04   2.4998571503920112E-003
