           1  0.464899987       2.9205918665531389E-003
           2  0.434780002       2.8267244028691140E-003
           3  0.406610012       2.9188917839689729E-003
           4  0.380250007       2.9991847981116156E-003
           5  0.355599999       2.8325057218876308E-003
           6  0.332529992       2.8599750509402354E-003
           7  0.310950011       2.8965709020919730E-003
           8  0.290760010       2.8649929362836151E-003
           9  0.271860003       2.8278787764045811E-003
          10  0.254180014       2.7228163342799105E-003
          11  0.237650007       2.7100660646665622E-003
          12  0.222169995       2.6576022689488417E-003
          13  0.207690001       2.7348733748985420E-003
          14  0.194150001       2.6263632781730502E-003
          15  0.181500003       2.6632632900230576E-003
          16  0.169679999       2.5701435364100574E-003
          17  0.158600003       2.5445742343366811E-003
          18  0.148240000       2.5654247214274531E-003
          19  0.138530001       2.4818080704974185E-003
          20  0.129429996       2.4889545735099850E-003
          21  0.120909996       2.5521004718885173E-003
          22  0.112910002       2.4049264146594374E-003
          23  0.105439998       2.3091480566013473E-003
          24   9.84399989E-02   2.4684614892395177E-003
          25   9.18899998E-02   2.3394133684858810E-003
          26   8.57400000E-02   2.3293165455551793E-003
          27   7.99899995E-02   2.3612900922462799E-003
          28   7.46200010E-02   2.1943820382727473E-003
          29   6.96199983E-02   2.3784469784145909E-003
          30   6.49100021E-02   2.2307919878209095E-003
          31   6.05099984E-02   2.1864999538200656E-003
          32   5.63899986E-02   2.2413402212406197E-003
          33   5.25100008E-02   2.2401761251363964E-003
          34   4.89099994E-02   2.1286299330951393E-003
          35   4.55299988E-02   2.2154244458072831E-003
          36   4.23699990E-02   2.2479210170549754E-003
          37   3.94200012E-02   2.1829670459823014E-003
          38   3.66800018E-02   2.1318483014361386E-003
          39   3.41200009E-02   2.1350734417615548E-003
          40   3.17299999E-02   2.1298141329773104E-003
          41   2.94899996E-02   2.1712991605429104E-003
          42   2.73899995E-02   2.1299726388627617E-003
          43   2.54400000E-02   2.0888844579221712E-003
          44   2.36399993E-02   2.0778133775161459E-003
          45   2.19500009E-02   2.1799708369690499E-003
          46   2.04200000E-02   2.0679182141444502E-003
          47   1.90099999E-02   2.0310538543849631E-003
          48   1.76999997E-02   2.0945600850801210E-003
          49   1.64899994E-02   2.0991435178446508E-003
          50   1.53900003E-02   2.1266121647304671E-003
          51   1.43799996E-02   2.0584032296453495E-003
          52   1.34300003E-02   2.0933462648924203E-003
          53   1.25500001E-02   2.0916166949340072E-003
          54   1.17100002E-02   2.0830049423922856E-003
          55   1.09400004E-02   2.0940313018964181E-003
          56   1.02000004E-02   2.0774964479401852E-003
          57   9.49999969E-03   2.1215034846405515E-003
          58   8.86000041E-03   2.0615708793534572E-003
          59   8.27000011E-03   2.0974501069393366E-003
          60   7.73000019E-03   1.9804578034774449E-003
          61   7.25999987E-03   2.1064357957426539E-003
          62   6.83999993E-03   2.0753939209888126E-003
          63   6.45999983E-03   2.1303891258150939E-003
          64   6.10999996E-03   2.0850579733684518E-003
          65   5.78999985E-03   2.1436237867774651E-003
          66   5.51000005E-03   2.0798285824265646E-003
          67   5.26000001E-03   2.1429485589323839E-003
          68   5.03000012E-03   2.1005993913474721E-003
          69   4.81999991E-03   2.1546156395374711E-003
          70   4.61999979E-03   2.0995997983765382E-003
          71   4.43000020E-03   2.1831653386788167E-003
          72   4.24000015E-03   2.1799727822107294E-003
          73   4.08999994E-03   2.2532792610823293E-003
          74   3.93000012E-03   2.2964691757220742E-003
          75   3.80000006E-03   2.2638428138985786E-003
          76   3.68000008E-03   2.1516250173468556E-003
          77   3.58000002E-03   2.2548675455397026E-003
          78   3.50999995E-03   2.1454219375701099E-003
          79   3.43000004E-03   2.2489889269988834E-003
          80   3.34999990E-03   2.2951406882313237E-003
          81   3.25000007E-03   2.3120894000041915E-003
          82   3.16999992E-03   2.3241285765981078E-003
          83   3.07999994E-03   2.3464942288143093E-003
          84   2.98999995E-03   2.4785679908425067E-003
          85   2.91000004E-03   2.4228459802478172E-003
          86   2.82999990E-03   2.4073398095595059E-003
          87   2.74999999E-03   2.2830064311582035E-003
          88   2.67000007E-03   2.4702621407074882E-003
          89   2.58000009E-03   2.3227379372156827E-003
          90   2.52000010E-03   2.4730034045772906E-003
          91   2.46000011E-03   2.4100120206202963E-003
          92   2.40000011E-03   2.3567079473934683E-003
          93   2.33000005E-03   2.4244422600517433E-003
          94   2.27000006E-03   2.3617262691835324E-003
          95   2.18999991E-03   2.3772121895142290E-003
          96   2.12000008E-03   2.4173604717834165E-003
          97   2.06000009E-03   2.5127801606936026E-003
          98   2.00999994E-03   2.4474961332978207E-003
          99   1.94999995E-03   2.5366545738783040E-003
         100   1.90000003E-03   2.6411039433706109E-003
         101   1.81000005E-03   2.5333580376108739E-003
         102   1.70000002E-03   2.5378505738668875E-003
         103   1.56999996E-03   2.4888284553181254E-003
         104   1.44000002E-03   2.5511214081078691E-003
         105   1.30999996E-03   2.4898393464090978E-003
         106   1.16999994E-03   2.6515513172911580E-003
         107   1.01999997E-03   2.6792374763138205E-003
         108   8.39999993E-04   2.6035640705908535E-003
         109   6.50000002E-04   2.6181913326862689E-003
         110   4.49999992E-04   2.5314192446218363E-003
         111   2.39999994E-04   2.6938426068270956E-003
         112   3.99999990E-05   2.7568816557308599E-003
         113  -1.19999997E-04   2.5756974980994415E-003
         114  -2.89999996E-04   2.6594354467416722E-003
         115  -4.29999985E-04   2.6715302917985398E-003
         116  -5.49999997E-04   2.6546481934322792E-003
         117  -6.69999979E-04   2.6880356386429741E-003
         118  -7.99999980E-04   2.6197637614678725E-003
         119  -9.29999980E-04   2.6782925801055995E-003
         120  -1.03000004E-03   2.7054804751093404E-003
         121  -1.12999999E-03   2.7305598194584165E-003
         122  -1.21000002E-03   2.7071411925939284E-003
         123  -1.27999997E-03   2.5052825097987893E-003
         124  -1.33999996E-03   2.6942727935278556E-003
         125  -1.38999999E-03   2.6073780448990606E-003
         126  -1.41999999E-03   2.5852339757440573E-003
         127  -1.44000002E-03   2.7707475691206465E-003
         128  -1.44999998E-03   2.8013650030027240E-003
         129  -1.47999998E-03   2.6091382173447368E-003
         130  -1.49000005E-03   2.7279626050368661E-003
         131  -1.50999997E-03   2.7797289820774931E-003
         132  -1.55000004E-03   2.7297741263730782E-003
         133  -1.59999996E-03   2.7408986553539997E-003
         134  -1.67999999E-03   2.8079958442549856E-003
         135  -1.76000001E-03   2.7858532937805498E-003
         136  -1.85000000E-03   2.6675926642499900E-003
         137  -1.93999999E-03   2.7775105448281639E-003
         138  -2.06000009E-03   2.7210027718925340E-003
         139  -2.15000007E-03   2.7733565986382000E-003
         140  -2.21000006E-03   2.8369537603828987E-003
         141  -2.31999997E-03   2.6768555860190177E-003
         142  -2.42000003E-03   2.9440035576691536E-003
         143  -2.52000010E-03   2.8757814679641240E-003
         144  -2.64000008E-03   2.8083707709425846E-003
         145  -2.76000006E-03   2.7929347693733831E-003
         146  -2.85000005E-03   2.8274367893601172E-003
         147  -2.94000003E-03   2.7828112320173242E-003
         148  -3.01999995E-03   2.9325389506122622E-003
         149  -3.13000008E-03   2.9292603018548917E-003
         150  -3.23999999E-03   2.8491204277007378E-003
