           1  0.422320008       1.2767064724954267E-003
           2  0.357540011       1.2471024258285696E-003
           3  0.302700013       1.2639855673835826E-003
           4  0.256399989       1.1996124212948936E-003
           5  0.217170000       1.1129758095748887E-003
           6  0.183950007       1.1603210015978061E-003
           7  0.155790001       1.0496179556206387E-003
           8  0.131929994       1.0576297698988333E-003
           9  0.111680001       1.0421940487532180E-003
          10   9.44600031E-02   1.0295129551772695E-003
          11   7.99300000E-02   9.7383001200127537E-004
          12   6.75899982E-02   9.3910071163496374E-004
          13   5.71000017E-02   9.7502543568874715E-004
          14   4.82399985E-02   9.5325613203010222E-004
          15   4.06700000E-02   9.4867693721620717E-004
          16   3.41399983E-02   9.1842436550350435E-004
          17   2.86100004E-02   8.8970127066805970E-004
          18   2.39899997E-02   8.8104922824224310E-004
          19   1.99699998E-02   9.0679500855373927E-004
          20   1.66100003E-02   9.0691894078069515E-004
          21   1.37400003E-02   8.9106401489746066E-004
          22   1.12800002E-02   8.6822203661397984E-004
          23   9.13999975E-03   9.3416962484388333E-004
          24   7.36000016E-03   9.1313699208641860E-004
          25   5.84000023E-03   9.0720251791284560E-004
          26   4.67000017E-03   9.2463195007203253E-004
          27   3.56999994E-03   8.9910321837708600E-004
          28   2.67999992E-03   9.3998498124399821E-004
          29   1.85000000E-03   9.3754594176432779E-004
          30   1.20000006E-03   9.4524053423114724E-004
          31   6.30000024E-04   9.3630147789817997E-004
          32   1.80000003E-04   9.4105477809781879E-004
          33  -2.09999998E-04   9.9130202986539412E-004
          34  -4.49999992E-04   9.6120717351421629E-004
          35  -6.30000024E-04   1.0167595846862375E-003
          36  -8.20000016E-04   1.0117928836183264E-003
          37  -1.06000004E-03   1.0607621556860151E-003
          38  -1.24000001E-03   1.0721646309374616E-003
          39  -1.36999995E-03   1.0677674249597001E-003
          40  -1.44999998E-03   1.0232100423772786E-003
          41  -1.49000005E-03   1.0367306583541442E-003
          42  -1.52000005E-03   1.0576057916550068E-003
          43  -1.47000002E-03   1.0827404478002062E-003
          44  -1.44000002E-03   1.0918806020561234E-003
          45  -1.41000003E-03   1.1046744819543277E-003
          46  -1.35999999E-03   1.0908710550625274E-003
          47  -1.27000001E-03   1.0849016100628248E-003
          48  -1.15000003E-03   1.1240382664021724E-003
          49  -1.07999996E-03   1.0958634175602653E-003
          50  -1.00000005E-03   1.1608427990839256E-003
          51  -9.50000016E-04   1.1590163635639568E-003
          52  -9.39999998E-04   1.1923163371578354E-003
          53  -1.09999999E-03   1.1317772538512294E-003
          54  -1.16999994E-03   1.2000353050856611E-003
          55  -1.18000002E-03   1.2110088467405437E-003
          56  -1.21000002E-03   1.2014880222402649E-003
          57  -1.18999998E-03   1.1920130982833908E-003
          58  -1.18000002E-03   1.1505200606914717E-003
          59  -1.15999999E-03   1.1829385111792872E-003
          60  -1.21999998E-03   1.1812816083912893E-003
