           1  0.440310001       1.6668314252445710E-003
           2  0.388590008       1.5243207471943583E-003
           3  0.342949986       1.5435406259025758E-003
           4  0.302729994       1.5304058947135176E-003
           5  0.267219990       1.4829226355815208E-003
           6  0.235909998       1.4317233205825952E-003
           7  0.208309993       1.4496651759334607E-003
           8  0.183939993       1.4665333926925370E-003
           9  0.162469998       1.4854216382819310E-003
          10  0.143529996       1.4042292313611539E-003
          11  0.126819998       1.3080788470629554E-003
          12  0.112089999       1.3118318179021545E-003
          13   9.90799963E-02   1.3071465560060968E-003
          14   8.76099989E-02   1.3927893476072103E-003
          15   7.75000006E-02   1.3723920228504774E-003
          16   6.85900003E-02   1.3014387527096999E-003
          17   6.07100017E-02   1.2909227090489421E-003
          18   5.38000017E-02   1.2255942396775348E-003
          19   4.77200001E-02   1.2520883150509961E-003
          20   4.23199981E-02   1.1964134680521510E-003
          21   3.75600010E-02   1.2641453782840141E-003
          22   3.33399996E-02   1.2131893672587793E-003
          23   2.96299998E-02   1.2280658094799108E-003
          24   2.62899995E-02   1.2601280207256841E-003
          25   2.33399998E-02   1.3073240691746492E-003
          26   2.07599998E-02   1.3046669386432735E-003
          27   1.84499994E-02   1.3127153968164656E-003
          28   1.64400004E-02   1.2877859866117546E-003
          29   1.46899996E-02   1.2757317368458226E-003
          30   1.31799998E-02   1.2413408534719316E-003
          31   1.18500004E-02   1.3224645807548517E-003
          32   1.07899997E-02   1.2399126978043134E-003
          33   9.89000034E-03   1.2541632071739375E-003
          34   9.10000037E-03   1.2828861479252016E-003
          35   8.46999977E-03   1.2427229654660291E-003
          36   7.93000031E-03   1.2601743376683468E-003
          37   7.45999999E-03   1.3139269122644372E-003
          38   7.06999982E-03   1.2175087485242124E-003
          39   6.65999996E-03   1.2052488407643077E-003
          40   6.27999986E-03   1.3073975858731764E-003
          41   5.95000014E-03   1.2706530820790752E-003
          42   5.64000010E-03   1.2464301013520832E-003
          43   5.35000023E-03   1.2648190671194167E-003
          44   5.10000018E-03   1.3047901521378137E-003
          45   4.84000007E-03   1.2666780561369588E-003
          46   4.60000010E-03   1.3118264491590785E-003
          47   4.35000006E-03   1.2823016499035023E-003
          48   4.12000017E-03   1.3293999840263025E-003
          49   3.90999997E-03   1.3251234771766045E-003
          50   3.65000009E-03   1.3685485759130378E-003
          51   3.38999997E-03   1.3770941637317748E-003
          52   3.13000008E-03   1.3694074138500588E-003
          53   2.88000004E-03   1.3424513151183500E-003
          54   2.52999994E-03   1.4296660629371080E-003
          55   2.16999999E-03   1.4110330728568468E-003
          56   1.81000005E-03   1.4973802882448295E-003
          57   1.50999997E-03   1.3686898276483864E-003
          58   1.18000002E-03   1.4400229492356109E-003
          59   9.20000020E-04   1.5197218265255695E-003
          60   6.39999984E-04   1.5121017072945941E-003
          61   3.80000012E-04   1.5213850655919597E-003
          62   1.59999996E-04   1.5298768048897635E-003
          63  -4.99999987E-05   1.4713271588723013E-003
          64  -2.20000002E-04   1.5084972328683237E-003
          65  -3.80000012E-04   1.4975913176820180E-003
          66  -4.69999999E-04   1.5534943100641199E-003
          67  -5.60000015E-04   1.5968930964304303E-003
          68  -6.30000024E-04   1.5529026892936088E-003
          69  -7.50000007E-04   1.5602136903813556E-003
          70  -8.50000011E-04   1.5909669378541824E-003
          71  -9.89999971E-04   1.5578637452778499E-003
          72  -1.12000003E-03   1.5782070751952687E-003
          73  -1.21000002E-03   1.5797878955918247E-003
          74  -1.24000001E-03   1.5577046886948200E-003
          75  -1.32000004E-03   1.5994697610157579E-003
          76  -1.41000003E-03   1.5737496453278477E-003
          77  -1.41999999E-03   1.5076545609207367E-003
          78  -1.33000000E-03   1.5279867911132969E-003
          79  -1.27000001E-03   1.5917092245977466E-003
          80  -1.18999998E-03   1.6218182209712026E-003
