           1  0.449800014       1.9261394935280052E-003
           2  0.406850010       1.8647132228785627E-003
           3  0.368019998       1.8609499634997099E-003
           4  0.332890004       1.9838135391471237E-003
           5  0.301099986       1.8649416681549747E-003
           6  0.272329986       1.8262294474023469E-003
           7  0.246289998       1.7972045577020934E-003
           8  0.222739995       1.7342672182136733E-003
           9  0.201409996       1.8099497243584915E-003
          10  0.182099998       1.7663654900752798E-003
          11  0.164629996       1.6577852619210024E-003
          12  0.148870006       1.6563849884068840E-003
          13  0.134629995       1.5501655969451401E-003
          14  0.121739998       1.5902360339065042E-003
          15  0.110069998       1.6319712806790218E-003
          16   9.95299965E-02   1.5718281541163247E-003
          17   9.00100023E-02   1.5839108204232400E-003
          18   8.13800022E-02   1.5358607862702525E-003
          19   7.36100003E-02   1.5137613603717524E-003
          20   6.66299984E-02   1.4917406793772178E-003
          21   6.03399985E-02   1.4359091990857136E-003
          22   5.46399988E-02   1.4989774532793213E-003
          23   4.95800003E-02   1.5031415831136144E-003
          24   4.50199991E-02   1.4655268046621999E-003
          25   4.09500003E-02   1.4627892954464899E-003
          26   3.72800007E-02   1.4680609715288352E-003
          27   3.39500010E-02   1.4561272178337339E-003
          28   3.09400000E-02   1.4900778127886038E-003
          29   2.81700008E-02   1.4557930893446896E-003
          30   2.56399997E-02   1.4122324991466520E-003
          31   2.32999995E-02   1.4814377940403597E-003
          32   2.11699996E-02   1.4497963311689780E-003
          33   1.92099996E-02   1.5038796224756609E-003
          34   1.74100008E-02   1.4779473855709405E-003
          35   1.57500003E-02   1.5224911899376665E-003
          36   1.42299999E-02   1.4914922840220631E-003
          37   1.28300004E-02   1.5168402534784090E-003
          38   1.15099996E-02   1.4576271862279493E-003
          39   1.02899997E-02   1.4688080148323580E-003
          40   9.15000029E-03   1.4803890574024920E-003
          41   8.13999958E-03   1.4758591601325248E-003
          42   7.22000003E-03   1.5821591132602363E-003
          43   6.37000008E-03   1.4995362580007218E-003
          44   5.61999995E-03   1.5441473295431077E-003
          45   4.92999982E-03   1.5461551425744063E-003
          46   4.25999984E-03   1.5708575898715396E-003
          47   3.65999993E-03   1.5748691300179847E-003
          48   3.07999994E-03   1.5580144622764952E-003
          49   2.55999994E-03   1.5888362062999313E-003
          50   2.11000000E-03   1.5986239279774011E-003
          51   1.70999998E-03   1.6047943064409543E-003
          52   1.35999999E-03   1.5974045339069778E-003
          53   1.07000000E-03   1.6469951332995702E-003
          54   7.99999980E-04   1.6791623476258382E-003
          55   5.39999979E-04   1.6772919185463371E-003
          56   2.80000007E-04   1.6714452778023748E-003
          57   5.99999985E-05   1.7165171875551651E-003
          58  -1.40000004E-04   1.7101909960431281E-003
          59  -3.19999992E-04   1.7233063417310195E-003
          60  -4.29999985E-04   1.6747368388045501E-003
          61  -5.09999983E-04   1.7645660909842444E-003
          62  -5.79999993E-04   1.8100600678504618E-003
          63  -6.60000020E-04   1.8235300013821243E-003
          64  -7.09999993E-04   1.8527901658841124E-003
          65  -8.20000016E-04   1.7832191753273021E-003
          66  -9.89999971E-04   1.7933538376269877E-003
          67  -1.12999999E-03   1.8688723596056906E-003
          68  -1.32000004E-03   1.8307547676521070E-003
          69  -1.56999996E-03   1.8550457801346928E-003
          70  -1.88000000E-03   1.8338083173578862E-003
          71  -2.16999999E-03   1.7778977214190140E-003
          72  -2.48000002E-03   1.7989514478391451E-003
          73  -2.80999998E-03   1.8595122241114816E-003
          74  -3.10999993E-03   1.7631836335053330E-003
          75  -3.35999997E-03   1.8744710387077678E-003
          76  -3.62000009E-03   1.8547631034153641E-003
          77  -3.84999998E-03   1.9050897398976971E-003
          78  -4.00999980E-03   1.8116912088606851E-003
          79  -4.17000009E-03   1.9083036115110884E-003
          80  -4.26999992E-03   1.8727977741677382E-003
          81  -4.31000022E-03   1.8416871847710395E-003
          82  -4.31000022E-03   1.7793756714475570E-003
          83  -4.27999999E-03   1.8323332968628188E-003
          84  -4.25999984E-03   1.8389753560888449E-003
          85  -4.16000001E-03   1.9575940354863630E-003
          86  -4.00000019E-03   1.9078849874321277E-003
          87  -3.87999997E-03   1.9083824359930842E-003
          88  -3.70000000E-03   1.9500506275026482E-003
          89  -3.49000003E-03   1.8892629411010086E-003
          90  -3.22000007E-03   2.0067396684619898E-003
          91  -2.97000003E-03   1.9977213824825600E-003
          92  -2.71999999E-03   2.0065046377243218E-003
          93  -2.42000003E-03   2.0040678051054185E-003
          94  -2.18999991E-03   1.9958212807349753E-003
          95  -1.97999994E-03   2.1220037689740814E-003
          96  -1.79999997E-03   2.0181238060620328E-003
          97  -1.65999995E-03   1.9912401636141483E-003
          98  -1.53999997E-03   2.0712026489173065E-003
          99  -1.42999995E-03   2.0109736490500083E-003
         100  -1.33999996E-03   1.9884998111462156E-003
