           1  0.468710005       3.3212119802977389E-003
           2  0.443109989       3.4577958731105488E-003
           3  0.418889999       3.4106663273842271E-003
           4  0.395990014       3.4307485774321112E-003
           5  0.374330014       3.3189231470751174E-003
           6  0.353839993       3.2488672390487468E-003
           7  0.334479988       3.2126130140450754E-003
           8  0.316179991       3.2006017684871099E-003
           9  0.298880011       3.1553104422924524E-003
          10  0.282519996       3.2949487797546647E-003
          11  0.267049998       3.1857038112699750E-003
          12  0.252409995       3.1468283856136612E-003
          13  0.238560006       3.0841848643925942E-003
          14  0.225459993       3.0430453693244372E-003
          15  0.213070005       3.0295253957691426E-003
          16  0.201360002       2.9590021664292979E-003
          17  0.190300003       2.9490627607905114E-003
          18  0.179869995       2.9841560876793564E-003
          19  0.170000002       3.0454777715996561E-003
          20  0.160679996       2.8787196015479482E-003
          21  0.151869997       2.8199236289180919E-003
          22  0.143539995       2.7852576049857873E-003
          23  0.135690004       2.9061787563667463E-003
          24  0.128289998       2.8936808330855823E-003
          25  0.121310003       2.6998345912534021E-003
          26  0.114720002       2.6978742089710252E-003
          27  0.108489998       2.7571270859025562E-003
          28  0.102600001       2.7553311437296026E-003
          29   9.70000029E-02   2.6969626925761781E-003
          30   9.17299986E-02   2.6563222741492038E-003
          31   8.67400020E-02   2.7692837766810576E-003
          32   8.20299983E-02   2.6348514567513495E-003
          33   7.75799975E-02   2.5917000455689750E-003
          34   7.33800009E-02   2.6488447201576462E-003
          35   6.93800002E-02   2.5911409150732247E-003
          36   6.56199977E-02   2.5698858837872323E-003
          37   6.20499998E-02   2.5914453830589096E-003
          38   5.86900003E-02   2.4953357396087332E-003
          39   5.55000007E-02   2.6174966563803424E-003
          40   5.24699986E-02   2.5517613873388971E-003
          41   4.96000014E-02   2.6827032151648389E-003
          42   4.69099991E-02   2.4920127787195316E-003
          43   4.43800017E-02   2.4571537993718154E-003
          44   4.19699997E-02   2.5828829933109481E-003
          45   3.97100002E-02   2.5834705942265044E-003
          46   3.75799984E-02   2.6995421971468072E-003
          47   3.55600007E-02   2.5411538924924103E-003
          48   3.36400010E-02   2.4756066466885217E-003
          49   3.18400003E-02   2.5976715575823654E-003
          50   3.01399995E-02   2.5168349375645598E-003
          51   2.85400003E-02   2.5921042008662017E-003
          52   2.70099994E-02   2.5173313642029749E-003
          53   2.55699996E-02   2.6427590171541502E-003
          54   2.41899993E-02   2.4536296549077805E-003
          55   2.28799991E-02   2.5167802886085296E-003
          56   2.16300003E-02   2.5776055104188948E-003
          57   2.04399992E-02   2.5656592564703012E-003
          58   1.93200000E-02   2.5896987224684562E-003
          59   1.82399992E-02   2.5262960104213959E-003
          60   1.72199998E-02   2.5867460273750033E-003
          61   1.63000003E-02   2.5953493258026642E-003
          62   1.54299997E-02   2.6799824860384881E-003
          63   1.46100000E-02   2.4916757160854154E-003
          64   1.38499998E-02   2.4700933185750921E-003
          65   1.31400004E-02   2.5856182505246891E-003
          66   1.24599999E-02   2.5843167912124039E-003
          67   1.18000004E-02   2.5898369631472515E-003
          68   1.11800004E-02   2.4846980371310669E-003
          69   1.06100002E-02   2.5062449546930411E-003
          70   1.00499997E-02   2.6240360461321872E-003
          71   9.54000000E-03   2.5875067233638183E-003
          72   9.06000007E-03   2.5037056567381050E-003
          73   8.60999990E-03   2.6375119746820464E-003
          74   8.17999989E-03   2.5936989974715140E-003
          75   7.78000010E-03   2.5717997143385159E-003
          76   7.42000015E-03   2.7743510240126417E-003
          77   7.05000013E-03   2.6232355376337039E-003
          78   6.69000018E-03   2.6370523798651653E-003
          79   6.33999985E-03   2.6564212914789403E-003
          80   5.98999998E-03   2.6357644772608507E-003
          81   5.65999979E-03   2.6693121948338440E-003
          82   5.34000015E-03   2.8278849027213102E-003
          83   5.03000012E-03   2.5772937590266354E-003
          84   4.74999985E-03   2.6476062913177497E-003
          85   4.48000012E-03   2.6367307092358232E-003
          86   4.23000008E-03   2.6137173672685574E-003
          87   4.00999980E-03   2.6567424403230754E-003
          88   3.83000006E-03   2.7013330212781479E-003
          89   3.68000008E-03   2.6917148321584836E-003
          90   3.53000010E-03   2.6030836736401644E-003
          91   3.41999996E-03   2.7137356429942187E-003
          92   3.31999990E-03   2.5531788677298317E-003
          93   3.23999999E-03   2.7541017259179314E-003
          94   3.15000000E-03   2.6209411478377224E-003
          95   3.09000001E-03   2.7974145436783838E-003
          96   3.01000010E-03   2.6473054067519767E-003
          97   2.95999995E-03   2.6645777014579421E-003
          98   2.92000012E-03   2.6854573591461044E-003
          99   2.89999996E-03   2.6797464962811188E-003
         100   2.86999997E-03   2.7155545387989696E-003
         101   2.82999990E-03   2.6161877465155294E-003
         102   2.79999990E-03   2.7262033974349968E-003
         103   2.74999999E-03   2.7398582975414697E-003
         104   2.70999991E-03   2.6630447307407026E-003
         105   2.64000008E-03   2.7548499926454166E-003
         106   2.55999994E-03   2.8428862494821634E-003
         107   2.49000010E-03   2.6542198052137084E-003
         108   2.40000011E-03   2.8757056121903944E-003
         109   2.33999989E-03   2.7254311102680394E-003
         110   2.27999990E-03   2.7763443075489278E-003
         111   2.21999991E-03   2.8044931356087611E-003
         112   2.18999991E-03   2.7998293564027374E-003
         113   2.14000000E-03   2.8565734255973237E-003
         114   2.08000001E-03   2.9454340357592847E-003
         115   2.02000001E-03   2.6702878727832540E-003
         116   1.97000010E-03   2.8058324513539120E-003
         117   1.90000003E-03   2.7036517610669083E-003
         118   1.81000005E-03   2.7909544176307512E-003
         119   1.70000002E-03   2.6946770165945616E-003
         120   1.61000004E-03   2.8572229487364635E-003
         121   1.52000005E-03   2.7601556291684741E-003
         122   1.42999995E-03   2.9000679691780760E-003
         123   1.38000003E-03   2.9556874022293326E-003
         124   1.33000000E-03   2.8612996992955814E-003
         125   1.32000004E-03   2.8578610398272255E-003
         126   1.30999996E-03   2.8569257974562852E-003
         127   1.33000000E-03   3.0054024428598255E-003
         128   1.36999995E-03   2.8377193923185841E-003
         129   1.42999995E-03   2.8948306996450304E-003
         130   1.50000001E-03   2.8222688534572772E-003
         131   1.58000004E-03   2.8251365834596346E-003
         132   1.67999999E-03   2.8536919825051387E-003
         133   1.76999997E-03   2.8624276359653245E-003
         134   1.88999996E-03   2.8980989480465709E-003
         135   1.99000002E-03   2.9602775067053807E-003
         136   2.08000001E-03   2.9028782626322469E-003
         137   2.16999999E-03   2.8983783822866143E-003
         138   2.27999990E-03   2.8639576606956847E-003
         139   2.36000004E-03   3.0095407676214224E-003
         140   2.43000011E-03   2.9906757061567437E-003
         141   2.51000002E-03   2.9121630615192742E-003
         142   2.58999993E-03   2.9013918858368354E-003
         143   2.67999992E-03   2.9499699251424598E-003
         144   2.73999991E-03   3.0719392191242015E-003
         145   2.79000006E-03   2.9748405143522842E-003
         146   2.82999990E-03   3.0865193128898033E-003
         147   2.88999989E-03   3.0152488054524750E-003
         148   2.92000012E-03   2.9705495493666583E-003
         149   2.94000003E-03   3.0553774560861304E-003
         150   2.95000011E-03   3.0329841352449817E-003
         151   2.95999995E-03   3.1238607864631576E-003
         152   2.98000011E-03   3.0515118441323281E-003
         153   3.01000010E-03   3.2118240251886852E-003
         154   3.03000002E-03   3.1641076546425812E-003
         155   3.07000009E-03   3.1452866808740995E-003
         156   3.10999993E-03   3.0485754387389566E-003
         157   3.15000000E-03   2.9966779935518472E-003
         158   3.16999992E-03   2.9773168157076731E-003
         159   3.18000000E-03   3.2423455649381863E-003
         160   3.21000000E-03   3.3130606000760536E-003
         161   3.22999991E-03   3.0987889164633665E-003
         162   3.23999999E-03   3.1797248845709825E-003
         163   3.22000007E-03   3.1788706762493498E-003
         164   3.16999992E-03   3.0972893759234109E-003
         165   3.12000001E-03   3.2381116375704054E-003
         166   3.07000009E-03   3.1481244260932089E-003
         167   3.01000010E-03   3.1608777811860003E-003
         168   2.95000011E-03   3.2428838271226583E-003
         169   2.91000004E-03   3.2697581342423349E-003
         170   2.86999997E-03   3.1313158910550843E-003
         171   2.82999990E-03   3.1817296678030489E-003
         172   2.77999998E-03   3.0737903769143329E-003
         173   2.74999999E-03   3.3476298137963805E-003
         174   2.68999999E-03   3.0352954099570383E-003
         175   2.66000000E-03   3.1320906405151042E-003
         176   2.61999993E-03   3.0797384927618711E-003
         177   2.60000001E-03   3.2094872971879769E-003
         178   2.58999993E-03   3.2056307634806842E-003
         179   2.58999993E-03   3.1230513754884788E-003
         180   2.61999993E-03   3.1019486977909082E-003
