           1  0.385809988       8.6813966670915347E-004
           2  0.300619990       8.2140522507291233E-004
           3  0.234219998       8.4075700116313830E-004
           4  0.182429999       8.0718200988678587E-004
           5  0.142100006       7.8631212088488105E-004
           6  0.110720001       7.2924021099906265E-004
           7   8.62400010E-02   6.9077708452397804E-004
           8   6.70399964E-02   6.9992883786316638E-004
           9   5.21400012E-02   7.1748592762793380E-004
          10   4.05399986E-02   6.8526259284605812E-004
          11   3.16100009E-02   6.8266428789440909E-004
          12   2.46600006E-02   6.6243609886034957E-004
          13   1.92300007E-02   6.8071311249939630E-004
          14   1.50699997E-02   6.5244798177415666E-004
          15   1.18500004E-02   6.7430800412253639E-004
          16   9.10000037E-03   6.8322141044692528E-004
          17   7.00000022E-03   7.0412630920572679E-004
          18   5.33000007E-03   6.9676590353341000E-004
          19   4.10000002E-03   6.8616961192099948E-004
          20   3.25999991E-03   7.2597279337995155E-004
          21   2.67000007E-03   7.2574531781139620E-004
          22   2.37999996E-03   7.2477735134825921E-004
          23   2.09000008E-03   7.3420982564769582E-004
          24   1.70000002E-03   7.1637136440892441E-004
          25   1.38000003E-03   7.0783260855480619E-004
          26   1.12000003E-03   7.5074120944146664E-004
          27   9.29999980E-04   7.4963969659185730E-004
          28   6.60000020E-04   7.6484230771244304E-004
          29   3.99999990E-04   7.3472957407195462E-004
          30   1.10000001E-04   7.6413523944416143E-004
          31  -1.19999997E-04   7.5772693815810883E-004
          32  -3.60000005E-04   7.6505290932252776E-004
          33  -5.60000015E-04   7.6725229634495384E-004
          34  -7.30000029E-04   7.9024391641415890E-004
          35  -8.80000007E-04   8.2758671068616069E-004
          36  -9.20000020E-04   8.0627343938316845E-004
          37  -9.69999994E-04   8.5082022736541910E-004
          38  -1.01999997E-03   8.6940938212486725E-004
          39  -8.59999971E-04   8.6670802584173348E-004
          40  -5.20000001E-04   8.6996187285760080E-004
