           1  0.474680007       3.2383498143927721E-003
           2  0.446229994       3.3098684512512483E-003
           3  0.419499993       3.3561903533373158E-003
           4  0.394380003       3.1901592087603160E-003
           5  0.370790005       3.1881562945186757E-003
           6  0.348639995       3.2965574201372469E-003
           7  0.327829987       3.3534826485153643E-003
           8  0.308299989       3.1748729249986706E-003
           9  0.289970011       3.1648864144904016E-003
          10  0.272749990       3.3222277121541435E-003
          11  0.256579995       3.2740920709525725E-003
          12  0.241370007       3.0987497179411484E-003
          13  0.227100000       3.1622103418099470E-003
          14  0.213689998       3.1158628783842985E-003
          15  0.201079994       2.9633858995306394E-003
          16  0.189250007       2.9264895718502308E-003
          17  0.178130001       2.8777400902152742E-003
          18  0.167689994       3.0698585819591592E-003
          19  0.157900006       2.9332723919963917E-003
          20  0.148699999       2.9920159600843408E-003
          21  0.140080005       2.9146132733419115E-003
          22  0.131999999       2.8235659316654398E-003
          23  0.124389999       2.9598693396434041E-003
          24  0.117250003       2.9090257208826027E-003
          25  0.110529996       2.7736616165609652E-003
          26  0.104199998       2.7494062779474739E-003
          27   9.82299969E-02   2.6851753695309850E-003
          28   9.26100016E-02   2.7791729640824800E-003
          29   8.73100013E-02   2.7691391932866630E-003
          30   8.22999999E-02   2.8065301065561738E-003
          31   7.75799975E-02   2.7676275010223711E-003
          32   7.31199980E-02   2.6073441437545822E-003
          33   6.89100027E-02   2.7467295332996070E-003
          34   6.49600029E-02   2.7679559596931872E-003
          35   6.12200014E-02   2.7670557164944896E-003
          36   5.76899983E-02   2.5799562933016803E-003
          37   5.43599986E-02   2.6752329165235112E-003
          38   5.12100011E-02   2.6708034423169229E-003
          39   4.82399985E-02   2.6377964011013973E-003
          40   4.54300009E-02   2.5987524510578583E-003
          41   4.28300016E-02   2.5961577693280483E-003
          42   4.03800011E-02   2.6493243473477051E-003
          43   3.80700007E-02   2.5989618715656403E-003
          44   3.58599983E-02   2.6509747824720389E-003
          45   3.37800011E-02   2.6673208547068348E-003
          46   3.18199992E-02   2.5362301093097336E-003
          47   2.99600009E-02   2.5766485587798518E-003
          48   2.82000005E-02   2.5282232105152797E-003
          49   2.65299994E-02   2.5764620646437216E-003
          50   2.49499995E-02   2.5619903535972015E-003
          51   2.34800000E-02   2.4447244091171257E-003
          52   2.20800005E-02   2.4651233036331569E-003
          53   2.07499992E-02   2.4549867274028282E-003
          54   1.95000004E-02   2.4639502754190538E-003
          55   1.83099993E-02   2.4290925733148213E-003
          56   1.71900000E-02   2.6118842940241593E-003
          57   1.61400009E-02   2.4980134786264426E-003
          58   1.51600000E-02   2.5049341535603319E-003
          59   1.42299999E-02   2.4987245995783790E-003
          60   1.33600002E-02   2.5259696920589855E-003
          61   1.25200003E-02   2.5602440144017365E-003
          62   1.17300004E-02   2.5541030767707402E-003
          63   1.09799998E-02   2.4849941874479230E-003
          64   1.02700004E-02   2.6070019503914507E-003
          65   9.61000007E-03   2.4710960759192595E-003
          66   8.99000000E-03   2.5726818267479286E-003
          67   8.39999970E-03   2.4462224967261017E-003
          68   7.86000025E-03   2.5485243339523470E-003
          69   7.36000016E-03   2.5493070073835293E-003
          70   6.89999992E-03   2.5032666750549929E-003
          71   6.46999991E-03   2.5337864851836980E-003
          72   6.07000012E-03   2.5740682766213674E-003
          73   5.71999978E-03   2.5039712289976054E-003
          74   5.41999983E-03   2.4555442897636020E-003
          75   5.15000010E-03   2.5337971814091260E-003
          76   4.91000013E-03   2.5485422348780029E-003
          77   4.67999978E-03   2.5193806251423228E-003
          78   4.48000012E-03   2.6211779378663130E-003
          79   4.31000022E-03   2.5963537747986190E-003
          80   4.14999994E-03   2.5790779793140022E-003
          81   4.00999980E-03   2.5463914748386327E-003
          82   3.89999989E-03   2.6270721255158714E-003
          83   3.80999991E-03   2.6207402796141082E-003
          84   3.70000000E-03   2.6335321690264296E-003
          85   3.59000009E-03   2.5959343659475659E-003
          86   3.49000003E-03   2.5621249649018640E-003
          87   3.37999989E-03   2.5854249007439918E-003
          88   3.28000006E-03   2.6946269216852805E-003
          89   3.19999992E-03   2.5251984476024588E-003
          90   3.13000008E-03   2.7367468792226638E-003
          91   3.07000009E-03   2.5619040736846693E-003
          92   3.00000003E-03   2.5932294443425088E-003
          93   2.91000004E-03   2.4751756428146136E-003
          94   2.82000005E-03   2.6928738793530666E-003
          95   2.70999991E-03   2.6578474192283357E-003
          96   2.61000008E-03   2.6201635327885854E-003
          97   2.52000010E-03   2.6526885488163698E-003
          98   2.46000011E-03   2.5859961211467685E-003
          99   2.39000004E-03   2.6193192483699498E-003
         100   2.31999997E-03   2.6107643838037156E-003
         101   2.27000006E-03   2.5976156247185869E-003
         102   2.24000006E-03   2.6463208773406092E-003
         103   2.21000006E-03   2.6075956555558525E-003
         104   2.18000007E-03   2.5907482942992351E-003
         105   2.12999992E-03   2.6977436559219754E-003
         106   2.09000008E-03   2.7557290381710620E-003
         107   2.06999993E-03   2.7472412099468148E-003
         108   2.05000001E-03   2.7935286713550670E-003
         109   2.03000009E-03   2.6561321479504126E-003
         110   2.00999994E-03   2.9322930185022656E-003
         111   1.99000002E-03   2.8646934089049873E-003
         112   2.00000009E-03   2.8833747058026201E-003
         113   2.00999994E-03   2.8743898761283636E-003
         114   2.03999993E-03   2.8401862757374110E-003
         115   2.08000001E-03   2.8431397035332162E-003
         116   2.12000008E-03   2.9949354605426450E-003
         117   2.16999999E-03   2.9224939384118851E-003
         118   2.21999991E-03   2.9167981987940155E-003
         119   2.25999998E-03   3.0041514864498015E-003
         120   2.33999989E-03   2.9568924275662797E-003
         121   2.40000011E-03   2.9982238002836540E-003
         122   2.43999995E-03   3.1112682112029843E-003
         123   2.48000002E-03   3.0164996483502782E-003
         124   2.52000010E-03   3.0110698042055120E-003
         125   2.55999994E-03   2.9072950208004484E-003
         126   2.58999993E-03   3.0636735260022654E-003
         127   2.63000000E-03   3.2335118436110865E-003
         128   2.67000007E-03   3.1473303127881754E-003
         129   2.70000007E-03   3.1322319465962268E-003
         130   2.71999999E-03   3.0451774106359506E-003
         131   2.74999999E-03   2.9936681678897040E-003
         132   2.77999998E-03   3.1118467431088706E-003
         133   2.82999990E-03   3.1303594710497796E-003
         134   2.88000004E-03   3.2162310145867228E-003
         135   2.88999989E-03   3.0682567234701762E-003
         136   2.88999989E-03   3.1580758100280722E-003
         137   2.89999996E-03   3.1572248040957710E-003
         138   2.89999996E-03   3.0914414882689208E-003
         139   2.92999996E-03   3.2187785070530088E-003
         140   2.97000003E-03   3.2861313992123562E-003
         141   2.98999995E-03   3.2816717106147254E-003
         142   3.00000003E-03   3.2959284448795686E-003
         143   2.97000003E-03   3.2549471008611612E-003
         144   2.91000004E-03   3.1787745573127386E-003
         145   2.82999990E-03   3.1569035146097593E-003
         146   2.74999999E-03   3.2680745040943020E-003
         147   2.66000000E-03   3.2789332352072677E-003
         148   2.52999994E-03   3.1938882722532800E-003
         149   2.40000011E-03   3.2061687962203871E-003
         150   2.27999990E-03   3.2653374892828379E-003
         151   2.16999999E-03   3.2384956271335652E-003
         152   2.06999993E-03   3.2416982778500198E-003
         153   2.00000009E-03   3.3859969973038797E-003
         154   1.96000002E-03   3.3535594133996568E-003
         155   1.93000003E-03   3.3888801439733223E-003
         156   1.88999996E-03   3.2547315103746781E-003
         157   1.85999996E-03   3.2711724567668584E-003
         158   1.85000000E-03   3.2536416795869915E-003
         159   1.87000004E-03   3.2881531237801912E-003
         160   1.91999995E-03   3.3817750303005525E-003
