           1  0.472920001       3.6882910797156635E-003
           2  0.448670000       3.5931613408695597E-003
           3  0.425669998       3.5480836596785172E-003
           4  0.403829992       3.6439962144194041E-003
           5  0.383120000       3.5950796127176710E-003
           6  0.363480002       3.5887406946107946E-003
           7  0.344859987       3.5532625645492630E-003
           8  0.327160001       3.6462293425430143E-003
           9  0.310369998       3.5361962884078247E-003
          10  0.294420004       3.5113715341510430E-003
          11  0.279289991       3.5181800141740075E-003
          12  0.264919996       3.4439531554497334E-003
          13  0.251269996       3.4660404026267250E-003
          14  0.238330007       3.3702676160679906E-003
          15  0.226050004       3.1762071537624038E-003
          16  0.214389995       3.4456887888842528E-003
          17  0.203309998       3.4297426342236384E-003
          18  0.192800000       3.2291860330404981E-003
          19  0.182820007       3.1938690416609596E-003
          20  0.173360005       3.2848125257733791E-003
          21  0.164360002       3.1540185451155714E-003
          22  0.155809999       3.1452411434319378E-003
          23  0.147699997       3.0340315148251213E-003
          24  0.140000001       3.1122278651860907E-003
          25  0.132699996       3.1298637286586301E-003
          26  0.125780001       3.0820639508426979E-003
          27  0.119220003       3.0418266122581193E-003
          28  0.112970002       2.9713414097420074E-003
          29  0.107029997       3.0305298431373947E-003
          30  0.101400003       2.9654646080848881E-003
          31   9.60400030E-02   3.0032475315505372E-003
          32   9.09499973E-02   2.8672622580121574E-003
          33   8.60999972E-02   2.8188609462826159E-003
          34   8.14799964E-02   2.9167045012564916E-003
          35   7.70900026E-02   2.8140661586406814E-003
          36   7.29100034E-02   2.8651921285304063E-003
          37   6.89499974E-02   2.7956542929743725E-003
          38   6.51800036E-02   2.7162251471124495E-003
          39   6.15799986E-02   2.8210894205797001E-003
          40   5.81500009E-02   2.8081648040781020E-003
          41   5.48800007E-02   2.8491070547799033E-003
          42   5.17800003E-02   2.6636834353824797E-003
          43   4.88400012E-02   2.6861931558613853E-003
          44   4.60399985E-02   2.7827380351804166E-003
          45   4.34000008E-02   2.7984482046280357E-003
          46   4.08999994E-02   2.6504500582227807E-003
          47   3.85299996E-02   2.6439568455619081E-003
          48   3.62900011E-02   2.7133692224647612E-003
          49   3.41899991E-02   2.7495905323974812E-003
          50   3.22300009E-02   2.7583048454365832E-003
          51   3.03700007E-02   2.7072807321440063E-003
          52   2.85999998E-02   2.6829412769983764E-003
          53   2.69300006E-02   2.7223348325309976E-003
          54   2.53699999E-02   2.8133111249934962E-003
          55   2.38899998E-02   2.7130390552720460E-003
          56   2.25099996E-02   2.6133587412571751E-003
          57   2.12200005E-02   2.7108937172993668E-003
          58   2.00299993E-02   2.7457183564751717E-003
          59   1.89100001E-02   2.7131461351296939E-003
          60   1.78699996E-02   2.6962044955148689E-003
          61   1.68900006E-02   2.6120954540510438E-003
          62   1.59900002E-02   2.7050628432344621E-003
          63   1.51500003E-02   2.6398409542903838E-003
          64   1.43700000E-02   2.8282693784197231E-003
          65   1.36399996E-02   2.7821951106162977E-003
          66   1.29699996E-02   2.6622992390476514E-003
          67   1.23500004E-02   2.8321504614170060E-003
          68   1.17600001E-02   2.7673847459231057E-003
          69   1.11999996E-02   2.7902579162842338E-003
          70   1.06699998E-02   2.8485959408421501E-003
          71   1.01699997E-02   2.8708314774575179E-003
          72   9.68000013E-03   2.7939478120687813E-003
          73   9.20999981E-03   2.8804153909319039E-003
          74   8.75999965E-03   2.7376106105300108E-003
          75   8.32000002E-03   3.0113085956239641E-003
          76   7.89999962E-03   2.8188084118283868E-003
          77   7.49000022E-03   2.8638030082880142E-003
          78   7.08999997E-03   2.7832847111040368E-003
          79   6.70999987E-03   2.8341305280930327E-003
          80   6.33999985E-03   2.8143274294163715E-003
          81   6.01000013E-03   2.9369785002721417E-003
          82   5.71000017E-03   2.8450389289687858E-003
          83   5.41000022E-03   2.8987957109661753E-003
          84   5.11999987E-03   2.8341920141822094E-003
          85   4.81999991E-03   2.8937375852776757E-003
          86   4.50999988E-03   2.9684285581353009E-003
          87   4.22000000E-03   2.9416471477635600E-003
          88   3.94999981E-03   3.0048612257324815E-003
          89   3.68000008E-03   3.0881272328063042E-003
          90   3.41999996E-03   3.0385324170850770E-003
          91   3.16999992E-03   2.8966573393335430E-003
          92   2.92000012E-03   3.0322154755570842E-003
          93   2.70000007E-03   2.9099533236613441E-003
          94   2.48000002E-03   3.0007727312409858E-003
          95   2.28999997E-03   3.0481682489889488E-003
          96   2.11000000E-03   3.0314182938441093E-003
          97   1.94999995E-03   3.1073459592050718E-003
          98   1.81000005E-03   3.0530061959595910E-003
          99   1.67000003E-03   3.0672324931328636E-003
         100   1.55000004E-03   3.0361383430664388E-003
         101   1.42999995E-03   2.9703552110703097E-003
         102   1.33000000E-03   3.0295578762628136E-003
         103   1.26000005E-03   2.9992197842896575E-003
         104   1.20000006E-03   3.0064269732527197E-003
         105   1.13999995E-03   3.0596017052192969E-003
         106   1.07999996E-03   3.2235427844548416E-003
         107   1.01999997E-03   3.0388837411589181E-003
         108   9.69999994E-04   3.2353715387258256E-003
         109   9.20000020E-04   3.0282026175229544E-003
         110   8.59999971E-04   3.0459672110275133E-003
         111   8.29999975E-04   3.0911825151941760E-003
         112   7.99999980E-04   3.1585432107427524E-003
         113   7.60000024E-04   3.1669039425864559E-003
         114   7.20000011E-04   2.9730917022764386E-003
         115   6.90000015E-04   3.2348906239172961E-003
         116   6.60000020E-04   3.1853396701449874E-003
         117   6.50000002E-04   3.0939139346626127E-003
         118   6.50000002E-04   3.0948571114703424E-003
         119   6.60000020E-04   3.1622697318823790E-003
         120   6.79999997E-04   3.0663315124733379E-003
         121   7.20000011E-04   3.1720051417574954E-003
         122   7.39999989E-04   3.1730703339424246E-003
         123   7.60000024E-04   3.2228795160148022E-003
         124   8.20000016E-04   2.9983916627157187E-003
         125   8.69999989E-04   3.2862050030503759E-003
         126   9.29999980E-04   3.2452556950142634E-003
         127   1.01000001E-03   3.3119166386075091E-003
         128   1.07999996E-03   3.3076147709840418E-003
         129   1.15999999E-03   3.1808103173136385E-003
         130   1.26000005E-03   3.2551371064603648E-003
         131   1.36999995E-03   3.2721604202333031E-003
         132   1.49000005E-03   3.1776348253119086E-003
         133   1.62999996E-03   3.3327674723870257E-003
         134   1.76000001E-03   3.2515566342511031E-003
         135   1.88999996E-03   3.2048629491423387E-003
         136   2.06000009E-03   3.3054796617818637E-003
         137   2.21999991E-03   3.2240124679716823E-003
         138   2.40000011E-03   3.2950210997784229E-003
         139   2.57000001E-03   3.2878703159303982E-003
         140   2.73999991E-03   3.3440443708515257E-003
         141   2.92000012E-03   3.3305857721402784E-003
         142   3.07999994E-03   3.3161557075133100E-003
         143   3.23999999E-03   3.2911170753939039E-003
         144   3.40000005E-03   3.2265541026973827E-003
         145   3.56999994E-03   3.2705712676356527E-003
         146   3.71000008E-03   3.2645000326471034E-003
         147   3.86000006E-03   3.2188207588537570E-003
         148   4.00000019E-03   3.2132416760239117E-003
         149   4.16000001E-03   3.2151549888732424E-003
         150   4.31999983E-03   3.2836785317861663E-003
         151   4.47000004E-03   3.2271313997045610E-003
         152   4.61000018E-03   3.3211138507867615E-003
         153   4.74999985E-03   3.2602597975105755E-003
         154   4.90000006E-03   3.3032073623826836E-003
         155   5.04000019E-03   3.2333327025837228E-003
         156   5.17999986E-03   3.3796036934609784E-003
         157   5.28000016E-03   3.1865871271983533E-003
         158   5.37999999E-03   3.2416822861268029E-003
         159   5.45000006E-03   3.1495912631634175E-003
         160   5.49999997E-03   3.2302777274643753E-003
         161   5.53000020E-03   3.2446932729372105E-003
         162   5.55999996E-03   3.1489103268230170E-003
         163   5.59999980E-03   3.1907767698048511E-003
         164   5.65000018E-03   3.2272085642552823E-003
         165   5.70000010E-03   3.2602718736718878E-003
         166   5.73999994E-03   3.3107503955142324E-003
         167   5.78999985E-03   3.2661936062825208E-003
         168   5.83000015E-03   3.3253494131387186E-003
         169   5.85999992E-03   3.2418523285214539E-003
         170   5.89000015E-03   3.2375784632287068E-003
         171   5.90000022E-03   3.2426905182244537E-003
         172   5.91999991E-03   3.4256612158264982E-003
         173   5.92999998E-03   3.3384906358420127E-003
         174   5.94000006E-03   3.4371194897651045E-003
         175   5.96000021E-03   3.4449377736852338E-003
         176   5.97999990E-03   3.2209291918030934E-003
         177   6.02000020E-03   3.4317482690357495E-003
         178   6.04999997E-03   3.2877996735179234E-003
         179   6.09999988E-03   3.2775217713278439E-003
         180   6.14000019E-03   3.5671945476801960E-003
         181   6.18000003E-03   3.4627934978969143E-003
         182   6.19000010E-03   3.3457700785477600E-003
         183   6.20000018E-03   3.4818389062809684E-003
         184   6.19000010E-03   3.4130686954996527E-003
         185   6.15999987E-03   3.2851748946205630E-003
         186   6.10999996E-03   3.2244227045974791E-003
         187   6.03999989E-03   3.0962289473595982E-003
         188   5.95000014E-03   3.3840433241253283E-003
         189   5.84999984E-03   3.1857853236447399E-003
         190   5.76000009E-03   3.2172207473316334E-003
