           1  0.449449986       1.9241424827248766E-003
           2  0.402440012       1.8977239793912519E-003
           3  0.360309988       1.9023262255285541E-003
           4  0.322560012       1.9061954623461957E-003
           5  0.288800001       1.8576396971843076E-003
           6  0.258560002       1.8093436415272913E-003
           7  0.231490001       1.8679504344217880E-003
           8  0.207310006       1.7453974895751294E-003
           9  0.185660005       1.7648755302392270E-003
          10  0.166219994       1.7091260312157789E-003
          11  0.148839995       1.7121407139391890E-003
          12  0.133300006       1.6605498868932009E-003
          13  0.119400002       1.6543988299925585E-003
          14  0.106950000       1.6000019747466009E-003
          15   9.57999974E-02   1.6448399015232234E-003
          16   8.58699977E-02   1.6252379270027815E-003
          17   7.69700035E-02   1.5295019337107855E-003
          18   6.89499974E-02   1.5832532946570290E-003
          19   6.17600009E-02   1.5406539968563931E-003
          20   5.53199984E-02   1.6026866354023810E-003
          21   4.95299995E-02   1.6022035419832252E-003
          22   4.43999991E-02   1.5420042167437983E-003
          23   3.97799984E-02   1.4890039944550383E-003
          24   3.56700011E-02   1.4911610737846344E-003
          25   3.20000015E-02   1.4628225570527782E-003
          26   2.87500005E-02   1.4624013314625155E-003
          27   2.58399993E-02   1.4844898741183435E-003
          28   2.32400000E-02   1.4775431836292162E-003
          29   2.08999999E-02   1.4488603659808979E-003
          30   1.87999997E-02   1.4364393406650865E-003
          31   1.69799998E-02   1.4480119670624973E-003
          32   1.53200002E-02   1.4699247884937885E-003
          33   1.37799997E-02   1.4056004582065095E-003
          34   1.24199996E-02   1.4432218142427062E-003
          35   1.12699997E-02   1.4599744063873959E-003
          36   1.02700004E-02   1.4655768320820290E-003
          37   9.34999995E-03   1.4656148500788980E-003
          38   8.53999984E-03   1.4774477589666109E-003
          39   7.81999994E-03   1.4317819208651355E-003
          40   7.13999989E-03   1.4850006490652928E-003
          41   6.55000005E-03   1.4929936033514766E-003
          42   5.98999998E-03   1.5254604575654902E-003
          43   5.42999990E-03   1.4416333381319381E-003
          44   4.94999997E-03   1.4940226776608866E-003
          45   4.49999981E-03   1.5240400124309173E-003
          46   4.10000002E-03   1.5002746112205659E-003
          47   3.73000000E-03   1.5319912860901675E-003
          48   3.37999989E-03   1.5329146453388429E-003
          49   3.03000002E-03   1.5292977748630303E-003
          50   2.68999999E-03   1.5236273230109947E-003
          51   2.37999996E-03   1.5172237513871121E-003
          52   2.12999992E-03   1.5669606384131726E-003
          53   1.87000004E-03   1.5277253715278701E-003
          54   1.64000003E-03   1.5087442667508976E-003
          55   1.47000002E-03   1.4811634368477229E-003
          56   1.35999999E-03   1.6299806250214671E-003
          57   1.27999997E-03   1.5964255350910045E-003
          58   1.24999997E-03   1.5667059314411556E-003
          59   1.24000001E-03   1.5736314940143976E-003
          60   1.23000005E-03   1.6096289189437135E-003
          61   1.18999998E-03   1.5929106735637459E-003
          62   1.21999998E-03   1.6317088569541972E-003
          63   1.27999997E-03   1.6922461987076256E-003
          64   1.35999999E-03   1.7312672342647746E-003
          65   1.49000005E-03   1.6156763415199936E-003
          66   1.67999999E-03   1.7500291018535705E-003
          67   1.85999996E-03   1.6793877032358934E-003
          68   2.00000009E-03   1.7131977104147141E-003
          69   2.06999993E-03   1.7030983148852352E-003
          70   2.03999993E-03   1.7379915234892907E-003
          71   1.94999995E-03   1.7410374431725921E-003
          72   1.90000003E-03   1.7197182458489756E-003
          73   1.79999997E-03   1.8110336605905381E-003
          74   1.73999998E-03   1.7720194631646714E-003
          75   1.62000000E-03   1.7965928573135965E-003
          76   1.44999998E-03   1.8588317813355881E-003
          77   1.29000004E-03   1.8351182007119973E-003
          78   1.09999999E-03   1.7859145424023476E-003
          79   8.69999989E-04   1.8123431678100882E-003
          80   6.20000006E-04   1.9328653943039662E-003
          81   3.99999990E-04   1.8875069328235614E-003
          82   1.99999995E-04   1.8290883764458103E-003
          83   0.00000000       1.8724916095532406E-003
          84  -1.50000007E-04   1.9336185946947050E-003
          85  -2.30000005E-04   1.9134921036235899E-003
          86  -3.30000010E-04   2.0104554463758178E-003
          87  -4.29999985E-04   1.8736565631319035E-003
          88  -4.90000006E-04   1.8746136319209418E-003
          89  -5.60000015E-04   1.9807192020051402E-003
          90  -5.39999979E-04   1.9823126419517439E-003
