           1  0.171309993       4.0867923305892330E-004
           2   6.56199977E-02   4.0950254299897923E-004
           3   2.48900000E-02   3.8013281995862925E-004
           4   8.96000024E-03   4.0629637471133575E-004
           5   3.00000003E-03   4.3167370128462107E-004
           6   1.10999995E-03   4.3130467762159949E-004
           7   3.99999990E-05   4.4407670231435707E-004
           8  -5.79999993E-04   4.7746035630813347E-004
           9  -3.00000014E-04   5.1791831334951682E-004
          10  -9.99999975E-06   5.2054470521368374E-004
