           1  0.454230011       2.2496075179222058E-003
           2  0.414609998       2.2383029885548111E-003
           3  0.378410012       2.2486141168513523E-003
           4  0.345380008       2.3054296584812104E-003
           5  0.315219998       2.1480510387027470E-003
           6  0.287669986       2.1997321274498582E-003
           7  0.262549996       2.1845203134243205E-003
           8  0.239620000       2.0556048467691140E-003
           9  0.218700007       2.0313703583834343E-003
          10  0.199589998       2.0608824505415524E-003
          11  0.182160005       1.9738729712321058E-003
          12  0.166229993       1.9526843109545912E-003
          13  0.151679993       1.8931188182085763E-003
          14  0.138390005       1.8735271475429005E-003
          15  0.126249999       1.8507848697644214E-003
          16  0.115189999       1.7956813791875606E-003
          17  0.105070002       1.7846155176462612E-003
          18   9.58200023E-02   1.7163337824060412E-003
          19   8.73600021E-02   1.7185502364579401E-003
          20   7.96200037E-02   1.7236756632238984E-003
          21   7.25599974E-02   1.7125370194435829E-003
          22   6.61000013E-02   1.6707546689955601E-003
          23   6.01500012E-02   1.6635603374742494E-003
          24   5.47300018E-02   1.6215647416359198E-003
          25   4.97899987E-02   1.6349286095112070E-003
          26   4.52600010E-02   1.5668819413856892E-003
          27   4.11400013E-02   1.6656608984390777E-003
          28   3.74099985E-02   1.6424782504204055E-003
          29   3.40199992E-02   1.6444808278028428E-003
          30   3.08899991E-02   1.5491359989151055E-003
          31   2.80499998E-02   1.5956159570600008E-003
          32   2.54400000E-02   1.6586462523494377E-003
          33   2.30700001E-02   1.6028797444316276E-003
          34   2.09100004E-02   1.6839702521094443E-003
          35   1.89299993E-02   1.5924362567053341E-003
          36   1.71300005E-02   1.6014747852163393E-003
          37   1.54700000E-02   1.6546648198178832E-003
          38   1.39400000E-02   1.5958872325705308E-003
          39   1.25500001E-02   1.6383830140669039E-003
          40   1.12199998E-02   1.5585396990285530E-003
          41   9.99999978E-03   1.6251311901114864E-003
          42   8.91000032E-03   1.6578475027196806E-003
          43   7.89999962E-03   1.7323038353061471E-003
          44   6.96999999E-03   1.5991622195717710E-003
          45   6.09999988E-03   1.6092146325605455E-003
          46   5.29999984E-03   1.5202911973215786E-003
          47   4.56999987E-03   1.6130071257489875E-003
          48   3.86999990E-03   1.6044508427926968E-003
          49   3.18000000E-03   1.5687464764261806E-003
          50   2.58000009E-03   1.5583165260186409E-003
          51   2.03000009E-03   1.5942962977638963E-003
          52   1.50999997E-03   1.5386185473940956E-003
          53   1.07000000E-03   1.5288415571526560E-003
          54   6.79999997E-04   1.6139646474730934E-003
          55   3.60000005E-04   1.6124065437857645E-003
          56   7.99999980E-05   1.5853955791858194E-003
          57  -1.19999997E-04   1.5334402706770145E-003
          58  -2.69999990E-04   1.5939755399994998E-003
          59  -3.99999990E-04   1.5857886440306045E-003
          60  -4.79999988E-04   1.6766024972054764E-003
          61  -5.49999997E-04   1.6442147247245908E-003
          62  -5.90000011E-04   1.7479337256052555E-003
          63  -6.30000024E-04   1.7009552944270772E-003
          64  -7.30000029E-04   1.6692543705865729E-003
          65  -8.29999975E-04   1.6653037714331228E-003
          66  -9.29999980E-04   1.7884538024259440E-003
          67  -1.00000005E-03   1.7911045549582967E-003
          68  -1.04000000E-03   1.6695350894012518E-003
          69  -1.07000000E-03   1.8481408961059859E-003
          70  -1.07999996E-03   1.7397344549623672E-003
          71  -1.07999996E-03   1.7382471081195440E-003
          72  -1.04000000E-03   1.8418445684456066E-003
          73  -1.01999997E-03   1.7886133510774177E-003
          74  -9.59999976E-04   1.8101677701490891E-003
          75  -8.90000025E-04   1.8119905523544823E-003
          76  -8.39999993E-04   1.8465839523117882E-003
          77  -8.29999975E-04   1.8372164464677662E-003
          78  -7.60000024E-04   1.8645904198142564E-003
          79  -7.20000011E-04   1.7916686901628936E-003
          80  -6.79999997E-04   1.8635052380524657E-003
          81  -6.50000002E-04   1.9497965646170746E-003
          82  -6.39999984E-04   1.8735715029905200E-003
          83  -6.60000020E-04   1.8640224513367780E-003
          84  -7.20000011E-04   1.9119363845933055E-003
          85  -8.09999998E-04   1.9464464260399257E-003
          86  -8.59999971E-04   1.8717850178337329E-003
          87  -9.10000002E-04   1.9488652997729440E-003
          88  -9.89999971E-04   1.9841217092482636E-003
          89  -1.04999996E-03   2.0492050135622708E-003
          90  -1.12999999E-03   2.0332191253786365E-003
          91  -1.20000006E-03   2.1023729527771561E-003
          92  -1.26000005E-03   2.1070145968290861E-003
          93  -1.27999997E-03   2.1437728594594380E-003
          94  -1.27000001E-03   2.0986248765516480E-003
          95  -1.21999998E-03   2.1357225294446258E-003
          96  -1.12000003E-03   2.0321443487416801E-003
          97  -1.03000004E-03   2.1359881680788500E-003
          98  -9.20000020E-04   2.1449949957028573E-003
          99  -8.20000016E-04   2.1513555597711255E-003
         100  -7.09999993E-04   2.1416342888884838E-003
         101  -6.30000024E-04   2.2292842099213531E-003
         102  -5.79999993E-04   2.2364509322748199E-003
         103  -5.30000019E-04   2.1411309898820988E-003
         104  -4.79999988E-04   2.1948302993871987E-003
         105  -4.69999999E-04   2.2219152381741333E-003
         106  -4.90000006E-04   2.1460798938103083E-003
         107  -5.49999997E-04   2.2281371631268625E-003
         108  -6.69999979E-04   2.2589263084610311E-003
         109  -8.20000016E-04   2.1531922077025192E-003
         110  -1.00000005E-03   2.1644485785211826E-003
