           1  0.477600008       3.1615667056953504E-003
           2  0.450679988       3.1932056698260420E-003
           3  0.425289989       3.3145610048680150E-003
           4  0.401340008       3.1513906759534972E-003
           5  0.378729999       3.1470390696124837E-003
           6  0.357389987       3.1777040098392275E-003
           7  0.337249994       3.0347350615563410E-003
           8  0.318230003       3.1240113787398545E-003
           9  0.300280005       3.1049715723689506E-003
          10  0.283340007       3.0139107406299327E-003
          11  0.267360002       2.9573637081494091E-003
          12  0.252279997       3.0294315591666105E-003
          13  0.238059998       2.9133739823198556E-003
          14  0.224620000       2.9871060051906177E-003
          15  0.211930007       2.9014613207312811E-003
          16  0.199970007       2.9693617369874921E-003
          17  0.188669994       2.7364808225918366E-003
          18  0.177990004       2.9870100552918102E-003
          19  0.167899996       2.8349990634609955E-003
          20  0.158399999       2.7550068137499428E-003
          21  0.149440005       2.7760749389074651E-003
          22  0.141010001       2.7025323468233726E-003
          23  0.133080006       2.6862778457810732E-003
          24  0.125609994       2.7694897663295436E-003
          25  0.118560001       2.6462582128319138E-003
          26  0.111929998       2.7256853426023825E-003
          27  0.105700001       2.6121628650686937E-003
          28   9.98400003E-02   2.5523213867920604E-003
          29   9.43199992E-02   2.5002638542253046E-003
          30   8.91399980E-02   2.6746748862030980E-003
          31   8.42600018E-02   2.6004287372199254E-003
          32   7.96800032E-02   2.4870315878366541E-003
          33   7.53500015E-02   2.5400594089492411E-003
          34   7.12599978E-02   2.5598734349157716E-003
          35   6.73900023E-02   2.5238554246064648E-003
          36   6.37300014E-02   2.5394146413745978E-003
          37   6.02799989E-02   2.5217114475888950E-003
          38   5.70299998E-02   2.4293245663199741E-003
          39   5.39599992E-02   2.5597162891715154E-003
          40   5.10599986E-02   2.5014383316294400E-003
          41   4.83300015E-02   2.4418294199629667E-003
          42   4.57599983E-02   2.5212193842848365E-003
          43   4.33400013E-02   2.3634599582348526E-003
          44   4.10399996E-02   2.3639416242737920E-003
          45   3.88699993E-02   2.5777750628020010E-003
          46   3.68099995E-02   2.3945514729390473E-003
          47   3.48800011E-02   2.4766116418943386E-003
          48   3.30500007E-02   2.3775595024201428E-003
          49   3.13199982E-02   2.3463235168794988E-003
          50   2.96700001E-02   2.5199704188151842E-003
          51   2.80799996E-02   2.4806831229983121E-003
          52   2.65699998E-02   2.4720106856093503E-003
          53   2.51400005E-02   2.4551395674064411E-003
          54   2.37700008E-02   2.3175726937778090E-003
          55   2.24399995E-02   2.5348593459162544E-003
          56   2.11800002E-02   2.4331690338778985E-003
          57   1.99699998E-02   2.4048380807428558E-003
          58   1.88100003E-02   2.4518140430920079E-003
          59   1.77100003E-02   2.4960872980503983E-003
          60   1.66599993E-02   2.4610351907852338E-003
          61   1.56500004E-02   2.4971826131603009E-003
          62   1.46800000E-02   2.4579300847719131E-003
          63   1.37700001E-02   2.5811717848031263E-003
          64   1.28800003E-02   2.4668358140220708E-003
          65   1.20599996E-02   2.5782997184770726E-003
          66   1.12699997E-02   2.4920247175587024E-003
          67   1.05200000E-02   2.6092645088035683E-003
          68   9.82000027E-03   2.5351025425431259E-003
          69   9.17000044E-03   2.5257819386411639E-003
          70   8.55999999E-03   2.5932740554618122E-003
          71   8.01999960E-03   2.6151295085471431E-003
          72   7.54000014E-03   2.6809274835078727E-003
          73   7.10000005E-03   2.4878397983458429E-003
          74   6.69000018E-03   2.6744533185192542E-003
          75   6.30000001E-03   2.4696770214236541E-003
          76   5.95000014E-03   2.4689666125117483E-003
          77   5.64000010E-03   2.4958616811874995E-003
          78   5.35999984E-03   2.5034452420572852E-003
          79   5.10999979E-03   2.4501808984417899E-003
          80   4.91000013E-03   2.4638568774730998E-003
          81   4.73000016E-03   2.5589118154525324E-003
          82   4.56999987E-03   2.4543982522725778E-003
          83   4.41000005E-03   2.4397915893497701E-003
          84   4.25000023E-03   2.4291115190920583E-003
          85   4.08999994E-03   2.4225768233119027E-003
          86   3.94000020E-03   2.4376794529083388E-003
          87   3.83000006E-03   2.4756821294070770E-003
          88   3.71999992E-03   2.4218669632655567E-003
          89   3.62999993E-03   2.4895471178888670E-003
          90   3.56999994E-03   2.4341501850783480E-003
          91   3.53999995E-03   2.3300809433816948E-003
          92   3.52000003E-03   2.4291573148874030E-003
          93   3.50000011E-03   2.4986353354216674E-003
          94   3.50000011E-03   2.3149733391915868E-003
          95   3.49000003E-03   2.4114110775574874E-003
          96   3.49000003E-03   2.4413497011518260E-003
          97   3.47999996E-03   2.4033622334536883E-003
          98   3.46000004E-03   2.4279124965228276E-003
          99   3.43000004E-03   2.3913711962641982E-003
         100   3.40000005E-03   2.4289661122095965E-003
         101   3.37000005E-03   2.4275283906365240E-003
         102   3.31999990E-03   2.3969741881433586E-003
         103   3.28000006E-03   2.4516615682240489E-003
         104   3.19999992E-03   2.3645681107261232E-003
         105   3.10000009E-03   2.4244644309348784E-003
         106   3.01000010E-03   2.4003589091035932E-003
         107   2.92999996E-03   2.3540209116340366E-003
         108   2.85999989E-03   2.4482171750892577E-003
         109   2.74999999E-03   2.5494412763771715E-003
         110   2.64000008E-03   2.4729600997560469E-003
         111   2.54000002E-03   2.4172665047727648E-003
         112   2.43000011E-03   2.4946688900741622E-003
         113   2.33000005E-03   2.6344527283008751E-003
         114   2.21000006E-03   2.5944078253934306E-003
         115   2.12000008E-03   2.6048799749743960E-003
         116   2.02000001E-03   2.6375654568265693E-003
         117   1.90000003E-03   2.5892198324735912E-003
         118   1.79000001E-03   2.7017790767577482E-003
         119   1.68999995E-03   2.6094214656877134E-003
         120   1.59999996E-03   2.7368727471952293E-003
         121   1.50999997E-03   2.6256145134252729E-003
         122   1.42999995E-03   2.6060231758188480E-003
         123   1.38000003E-03   2.6151536724307767E-003
         124   1.33000000E-03   2.7688944695484392E-003
         125   1.30000000E-03   2.7436918104348832E-003
         126   1.30000000E-03   2.6124806729881898E-003
         127   1.33000000E-03   2.7426836800982846E-003
         128   1.36999995E-03   2.7754303889749826E-003
         129   1.42999995E-03   2.7026392883772324E-003
         130   1.47999998E-03   2.7625099691132322E-003
         131   1.53000001E-03   2.7209131653749366E-003
         132   1.56999996E-03   2.8116061191932841E-003
         133   1.59999996E-03   2.8033215740093918E-003
         134   1.62999996E-03   2.7933354529724843E-003
         135   1.64000003E-03   2.9350977090976853E-003
         136   1.62999996E-03   2.7795618770774131E-003
         137   1.59999996E-03   2.9270014662046216E-003
         138   1.53999997E-03   2.9057383876380750E-003
         139   1.50999997E-03   2.9501145629593126E-003
         140   1.49000005E-03   2.9425076298519848E-003
         141   1.46000006E-03   3.0062749977756683E-003
         142   1.42999995E-03   3.0254110928180397E-003
         143   1.38000003E-03   3.0501847233794905E-003
         144   1.35000004E-03   2.8788150083827488E-003
         145   1.30999996E-03   2.9766315474922607E-003
         146   1.27000001E-03   3.0202163173417948E-003
         147   1.24999997E-03   3.0120467773472183E-003
         148   1.24000001E-03   3.0343817620063188E-003
         149   1.26000005E-03   3.0940006072587940E-003
         150   1.24999997E-03   3.1795972229605538E-003
         151   1.24000001E-03   3.0278212898824136E-003
         152   1.24000001E-03   3.0553682113633749E-003
         153   1.24999997E-03   3.0407910070182568E-003
         154   1.24000001E-03   3.1309173852220105E-003
         155   1.21999998E-03   3.1313594705010069E-003
         156   1.16999994E-03   3.1731964109388607E-003
         157   1.06000004E-03   3.0324798402120976E-003
         158   9.29999980E-04   3.1564536451127501E-003
         159   7.80000002E-04   3.0332790901041675E-003
         160   6.09999988E-04   3.0434264973733314E-003
         161   4.29999985E-04   3.1224916125025051E-003
         162   2.50000012E-04   3.2685979834277006E-003
         163   7.99999980E-05   3.1561298487151083E-003
         164  -5.99999985E-05   3.1307980053829646E-003
         165  -2.09999998E-04   3.0953309597638941E-003
         166  -3.90000001E-04   3.1815445742117490E-003
         167  -5.60000015E-04   3.2790534076455806E-003
         168  -7.39999989E-04   3.1766621961674011E-003
         169  -9.20000020E-04   3.1093030413975537E-003
         170  -1.12999999E-03   3.1210862785108584E-003
