           1  0.354099989       6.3172306103420736E-004
           2  0.254119992       6.0518030663015343E-004
           3  0.182349995       5.9923935620275317E-004
           4  0.130750000       5.6826997119134310E-004
           5   9.37099978E-02   5.2601264822981582E-004
           6   6.72399998E-02   5.1270645832403945E-004
           7   4.79199998E-02   5.1597600219245045E-004
           8   3.40700001E-02   5.1827871006441498E-004
           9   2.41000000E-02   5.1137297490390983E-004
          10   1.70099996E-02   5.2911437031257468E-004
          11   1.19300000E-02   5.3400462360626432E-004
          12   8.25999957E-03   5.3884034498310682E-004
          13   5.72999986E-03   5.3395062644051865E-004
          14   4.00999980E-03   5.5646209025136289E-004
          15   2.64000008E-03   5.7112236197550358E-004
          16   1.82999996E-03   5.5452677718535888E-004
          17   1.27000001E-03   5.6719747775062126E-004
          18   8.20000016E-04   5.6719890462808824E-004
          19   5.39999979E-04   5.4893778420195976E-004
          20   5.60000015E-04   5.7168799654507615E-004
          21   2.89999996E-04   6.0875822327496464E-004
          22   4.99999987E-05   5.9146509040880783E-004
          23  -4.99999987E-05   6.1621066319709583E-004
          24  -1.10000001E-04   6.0807150908788953E-004
          25  -9.00000014E-05   6.2782586345184262E-004
          26   2.99999992E-05   6.7776341455647179E-004
          27  -7.00000019E-05   7.0319455551107310E-004
          28  -1.19999997E-04   7.0796440279599345E-004
          29  -2.50000012E-04   7.2110618632004045E-004
          30  -5.20000001E-04   7.4117319260142236E-004
