  0.448197663       5.1546320120460438E-004  0.553745270       6.1312274762121593E-004
  0.484973758       5.7568303387160974E-004  0.378728092       2.7556140597437387E-004
  0.493409395       6.6935763963695590E-004  0.278595537       1.5740245903248702E-004
  0.495141715       8.9906477826956987E-004  0.218727335       1.0922968412231562E-004
  0.495688647       1.0377458846198551E-003  0.180101663       8.2546398431875673E-005
  0.498825014       1.1982903895894862E-003  0.152874857       6.4351170393529169E-005
  0.499111801       1.4194494690135413E-003  0.132610515       5.5759878304097989E-005
  0.498882562       1.6279030548829016E-003  0.117203631       4.5668002311647968E-005
  0.501948774       1.8953102539145390E-003  0.105011448       3.9226734336296639E-005
  0.497257590       1.9073117123865058E-003   9.49791148E-02   3.3740505965707020E-005
  0.497640312       2.2940309435689138E-003   8.67851451E-02   2.9800310405290650E-005
  0.500331342       2.3222596653130821E-003   7.98784718E-02   2.6103273609562111E-005
  0.497201651       2.3822890770358253E-003   7.39703625E-02   2.4605379890135942E-005
  0.499938279       2.9034125842857133E-003   6.88705444E-02   2.3533239102783708E-005
  0.497098237       2.9383324784620661E-003   6.44285083E-02   2.0191724022912584E-005
  0.504965365       3.3241049529355352E-003   6.05508834E-02   1.8757429153519101E-005
  0.506143928       3.1208610649576937E-003   5.71234412E-02   1.7331001471053155E-005
  0.495779514       3.4129746813106160E-003   5.40087931E-02   1.6290498080290853E-005
  0.498504072       3.4874380078806374E-003   5.12504615E-02   1.5521432625073728E-005
  0.495384365       3.6340769256472043E-003   4.87430431E-02   1.3622878394349078E-005
