           1  0.669237494       2.1074391113839815E-003
           2  0.604567528       1.9267463827470218E-003
           3  0.549840987       1.8413034245648035E-003
           4  0.503498495       1.7572398471072202E-003
           5  0.464262009       1.7296330572451734E-003
           6  0.431030989       1.5861911143235166E-003
           7  0.402883500       1.5298180299576874E-003
           8  0.379066497       1.4333330949698878E-003
           9  0.358912498       1.3582340514208470E-003
          10  0.341867000       1.3347411320503661E-003
          11  0.327430487       1.2509620883120129E-003
          12  0.315218508       1.1769834809773291E-003
          13  0.304883510       1.2206281388958415E-003
          14  0.296145499       1.1526941301755165E-003
          15  0.288770497       1.1042333195544446E-003
          16  0.282503992       1.0397419219347146E-003
          17  0.277216494       1.0348917560425717E-003
          18  0.272751004       9.6631433396885075E-004
          19  0.268981993       9.5166190435231192E-004
          20  0.265817493       9.3470497821502012E-004
          21  0.263130486       9.2277869493786015E-004
          22  0.260861486       8.9822475313723474E-004
          23  0.258942515       8.7431012490978976E-004
          24  0.257326990       8.9382486870699857E-004
          25  0.255935490       8.4869025282613322E-004
          26  0.254747987       8.4172789492278747E-004
          27  0.253748506       8.3869678572960214E-004
          28  0.252897501       8.1708522545608409E-004
          29  0.252195507       8.1381168183168834E-004
          30  0.251601994       8.1672588950910008E-004
          31  0.251118511       8.0276807263470959E-004
          32  0.250708014       7.9607256885953087E-004
          33  0.250353009       7.9367383591145871E-004
          34  0.250052989       7.8541270055943867E-004
          35  0.249789998       7.9443830008202126E-004
          36  0.249574006       7.8294207298456274E-004
          37  0.249386996       8.1015787942078006E-004
          38  0.249230996       8.1543057705490800E-004
          39  0.249100000       7.8604422922493305E-004
          40  0.248993501       7.7017180647127599E-004
          41  0.248868003       7.5325896107167800E-004
          42  0.248779997       7.7578661630121968E-004
          43  0.248702005       7.7573770130174961E-004
          44  0.248649493       7.7771942128779139E-004
          45  0.248589501       7.5101587241550600E-004
          46  0.248545006       7.5310327068645348E-004
          47  0.248512506       7.5488245642236725E-004
          48  0.248504996       7.5251448465648446E-004
          49  0.248507500       7.8815591031745240E-004
          50  0.248521000       7.5324763877089064E-004
          51  0.248545006       7.7195506839772558E-004
          52  0.248587996       7.6421962122036032E-004
          53  0.248617500       7.4614095248391504E-004
          54  0.248676002       7.6554190995387951E-004
          55  0.248708501       7.6384553326578968E-004
          56  0.248732507       7.6934134541968764E-004
          57  0.248760998       7.8860097510976234E-004
          58  0.248781502       7.6647662334993383E-004
          59  0.248786494       7.5515250584781474E-004
          60  0.248793498       8.0256517568452605E-004
