           1  0.698527515       3.1572110472660743E-003
           2  0.653648973       2.9800684457921053E-003
           3  0.613253474       2.9683890672916797E-003
           4  0.576899529       2.8190202263318068E-003
           5  0.544170499       2.8001767997008517E-003
           6  0.514705002       2.5678545286811406E-003
           7  0.488182008       2.5194506124454610E-003
           8  0.464313507       2.5244890142868304E-003
           9  0.442822993       2.3754388710414973E-003
          10  0.423480004       2.4320270761629538E-003
          11  0.406064004       2.3031950761000608E-003
          12  0.390382499       2.2141909201724495E-003
          13  0.376255989       2.2283047413239167E-003
          14  0.363520503       2.1902661467602595E-003
          15  0.352046490       2.0538624175995821E-003
          16  0.341707498       1.9835340055927016E-003
          17  0.332385510       2.0372870436829991E-003
          18  0.323978990       1.9159306535527906E-003
          19  0.316400498       1.8756651867842245E-003
          20  0.309571505       1.8581440481138503E-003
          21  0.303416997       1.7131312801954011E-003
          22  0.297870010       1.7020995813569917E-003
          23  0.292872488       1.6616878632524446E-003
          24  0.288374990       1.6259012925058638E-003
          25  0.284328997       1.5720395275716870E-003
          26  0.280693501       1.6500391665624690E-003
          27  0.277430505       1.5651673163439750E-003
          28  0.274498999       1.5101407724847035E-003
          29  0.271870494       1.5036212354805074E-003
          30  0.269510508       1.4772122954129622E-003
          31  0.267385989       1.4758194617067416E-003
          32  0.265487492       1.3805278880343883E-003
          33  0.263784498       1.4124642938327205E-003
          34  0.262252510       1.3752776443495163E-003
          35  0.260872990       1.3577303617195802E-003
          36  0.259644002       1.3289057427643845E-003
          37  0.258536011       1.3254817258934106E-003
          38  0.257546991       1.3014300422201528E-003
          39  0.256666005       1.2798225036270143E-003
          40  0.255881488       1.2858259495751880E-003
          41  0.255165488       1.2656012384661989E-003
          42  0.254530013       1.2675750292051443E-003
          43  0.253957987       1.2444864815474566E-003
          44  0.253446013       1.3101374857102080E-003
          45  0.252983987       1.2643424619652012E-003
          46  0.252570510       1.2281248173846998E-003
          47  0.252208501       1.2431207831809581E-003
          48  0.251892000       1.2495579975049685E-003
          49  0.251612991       1.2795856693447881E-003
          50  0.251365513       1.2159518476177128E-003
          51  0.251143485       1.2072434429697076E-003
          52  0.250948995       1.2206201797143464E-003
          53  0.250775993       1.2205662920962753E-003
          54  0.250625998       1.2365416565937161E-003
          55  0.250490487       1.1792919803980245E-003
          56  0.250373989       1.2157918252230452E-003
          57  0.250275999       1.2595863782756806E-003
          58  0.250178993       1.2114528589787367E-003
          59  0.250097990       1.1802444767076744E-003
          60  0.250030011       1.2050514621775113E-003
          61  0.249976501       1.1595997427717008E-003
          62  0.249935001       1.1883281317535122E-003
          63  0.249886498       1.1730476244495890E-003
          64  0.249837995       1.2286498070311351E-003
          65  0.249791995       1.2024330608055057E-003
          66  0.249752998       1.1772077183885784E-003
          67  0.249714002       1.2039066943230784E-003
          68  0.249674007       1.2022595654668465E-003
          69  0.249628499       1.2148989708366858E-003
          70  0.249576002       1.1833430653612354E-003
          71  0.249519005       1.1574793817281227E-003
          72  0.249467507       1.1856202197604328E-003
          73  0.249412507       1.1525538786016705E-003
          74  0.249358505       1.1390129713572247E-003
          75  0.249302998       1.2354865636292926E-003
          76  0.249246001       1.1934664693819266E-003
          77  0.249197006       1.1664422367772677E-003
          78  0.249154493       1.2161465315418448E-003
          79  0.249132499       1.1706268125991155E-003
          80  0.249107495       1.2125496160563739E-003
          81  0.249081507       1.1952890137975306E-003
          82  0.249057502       1.1682489977971845E-003
          83  0.249039993       1.1960393348983463E-003
          84  0.249027506       1.1889699744791220E-003
          85  0.249024495       1.1696959208019140E-003
          86  0.249016494       1.1057276658859646E-003
          87  0.249006495       1.1893229751203797E-003
          88  0.249001503       1.2057836252623211E-003
          89  0.248992994       1.1813894438427524E-003
          90  0.248985499       1.1954363262334524E-003
          91  0.248961493       1.1544822064140407E-003
          92  0.248933494       1.1993965973478161E-003
          93  0.248905003       1.1943499719575398E-003
          94  0.248884499       1.1427834134628840E-003
          95  0.248864502       1.1367188644612993E-003
