           1  0.545285523       6.7132689374454677E-004
           2  0.427958012       5.7706432155217959E-004
           3  0.356739491       4.9055997960395015E-004
           4  0.313467503       4.4092495327499045E-004
           5  0.287203014       4.0693377740200849E-004
           6  0.271218002       3.5745503324312609E-004
           7  0.261467487       3.5553043442606170E-004
           8  0.255617499       3.3794877070838190E-004
           9  0.252075493       2.9932192064371623E-004
          10  0.249858007       2.9782302141670805E-004
          11  0.248475999       3.0574893271717476E-004
          12  0.247666001       2.9746960765262388E-004
          13  0.247171998       2.9588863608320229E-004
          14  0.246865004       2.9311896992823531E-004
          15  0.246607006       2.9221655044396914E-004
          16  0.246360004       2.9264249869235501E-004
          17  0.246298507       2.7810369010990626E-004
          18  0.246228501       2.8320083853493664E-004
          19  0.246217996       2.9754349046517693E-004
          20  0.246188506       2.8653892473947079E-004
