           1  0.635793984       1.3439991259523642E-003
           2  0.550149977       1.2844647440812596E-003
           3  0.483442485       1.1529187731136575E-003
           4  0.431473494       1.0754697324313104E-003
           5  0.390989989       9.7184001490071604E-004
           6  0.359476000       9.1832403177724326E-004
           7  0.334927499       8.4733426736397280E-004
           8  0.315827012       8.6502824084574341E-004
           9  0.300933003       8.1320781739082162E-004
          10  0.289307505       7.2766419439147356E-004
          11  0.280230492       7.2037468037560359E-004
          12  0.273136497       6.6260679535867122E-004
          13  0.267623991       6.4666745813079564E-004
          14  0.263345003       6.2391608677508763E-004
          15  0.260026515       6.1146166682870997E-004
          16  0.257437497       5.9760946440547656E-004
          17  0.255454510       6.1601547499972871E-004
          18  0.253930002       5.7686044323571322E-004
          19  0.252743989       5.6013171936981920E-004
          20  0.251823008       5.9076902887107458E-004
          21  0.251102000       5.6220307183086108E-004
          22  0.250547498       5.5320214386345905E-004
          23  0.250104010       5.5813118637804593E-004
          24  0.249752998       5.6060894036324656E-004
          25  0.249460995       5.2326501942636457E-004
          26  0.249193996       5.2885399949881404E-004
          27  0.248965502       5.3647589933333113E-004
          28  0.248787001       5.3816382001131539E-004
          29  0.248659506       5.2870384473818657E-004
          30  0.248577505       5.3133519712035570E-004
          31  0.248488501       5.1910233593025954E-004
          32  0.248453006       5.4373920434385185E-004
          33  0.248447999       5.2030296280905042E-004
          34  0.248437002       5.1262964210002605E-004
          35  0.248440996       5.3997993063150394E-004
          36  0.248409003       5.1347963485457056E-004
          37  0.248420998       5.1443801045433790E-004
          38  0.248457506       5.3010446198259963E-004
          39  0.248494998       5.0965215156902294E-004
          40  0.248548493       5.3006272842303975E-004
