           1  0.683902025       2.6535235671600772E-003
           2  0.629421473       2.4069912406201352E-003
           3  0.581772983       2.4763013095467786E-003
           4  0.540091515       2.1585373796720775E-003
           5  0.503627479       2.2404029917164714E-003
           6  0.471724987       2.1025046317637462E-003
           7  0.443814993       1.9825852836587964E-003
           8  0.419397503       1.8895159054881181E-003
           9  0.398034513       1.8218069071342892E-003
          10  0.379348487       1.7551811670719899E-003
          11  0.362997502       1.6677602060261188E-003
          12  0.348690987       1.6692204853508044E-003
          13  0.336156994       1.6086672282815205E-003
          14  0.325201005       1.5484298302074642E-003
          15  0.315610498       1.4492544064669479E-003
          16  0.307230502       1.4176391452843350E-003
          17  0.299881488       1.4247905485551405E-003
          18  0.293462992       1.3115899440168859E-003
          19  0.287838995       1.3596628947742080E-003
          20  0.282918990       1.2492725420301110E-003
          21  0.278614998       1.3093400698319299E-003
          22  0.274852514       1.2462024418339035E-003
          23  0.271560490       1.2387174922622733E-003
          24  0.268675506       1.2009378521840885E-003
          25  0.266142994       1.1820120437345569E-003
          26  0.263932496       1.1455731693997702E-003
          27  0.261985511       1.1022973473558796E-003
          28  0.260266989       1.0994815667767332E-003
          29  0.258761495       1.1060082345924352E-003
          30  0.257463992       1.0906328448145955E-003
          31  0.256325990       1.0679338137238839E-003
          32  0.255300492       1.0322356869519472E-003
          33  0.254404008       1.0513848371460650E-003
          34  0.253627986       1.0553905059610725E-003
          35  0.252943993       1.0308251736561216E-003
          36  0.252337486       1.0054177037136032E-003
          37  0.251809001       9.8784602815974766E-004
          38  0.251348495       9.6662443962121966E-004
          39  0.250951499       9.7032330038274487E-004
          40  0.250601500       9.5592404303343178E-004
          41  0.250277996       9.9609782286175209E-004
          42  0.250001013       9.6926939852773483E-004
          43  0.249761000       9.8546394027771854E-004
          44  0.249535993       9.4347242119540722E-004
          45  0.249324501       9.7831087324427943E-004
          46  0.249140993       9.7323642595704084E-004
          47  0.248981997       9.8159893135756223E-004
          48  0.248839006       9.6047885278119187E-004
          49  0.248715505       9.5783024184088815E-004
          50  0.248625994       9.5597338316289913E-004
          51  0.248567507       9.5356763570201241E-004
          52  0.248524994       9.7124861472384905E-004
          53  0.248493493       9.2369658047251825E-004
          54  0.248475507       9.4929725181211618E-004
          55  0.248471498       9.5922083825082758E-004
          56  0.248474002       9.8649523183350573E-004
          57  0.248489007       9.6513828885460488E-004
          58  0.248513997       9.8210149389487138E-004
          59  0.248542994       9.1079773849038275E-004
          60  0.248579502       1.0125386382648530E-003
          61  0.248612493       9.4517379439067488E-004
          62  0.248637006       9.6536738477602817E-004
          63  0.248663500       9.5376537679424313E-004
          64  0.248694494       9.4805275806752044E-004
          65  0.248739004       9.1855258537270549E-004
          66  0.248770997       9.3015157310038252E-004
          67  0.248805001       9.4192055416591591E-004
          68  0.248818502       9.6846269681436870E-004
          69  0.248837501       9.2019376994720639E-004
          70  0.248862997       9.4239782663627276E-004
          71  0.248920500       9.3771404777557058E-004
          72  0.248971999       9.6476079639398076E-004
          73  0.249048501       8.9853275989553263E-004
          74  0.249133006       9.6902736834162425E-004
          75  0.249219507       9.2863413542657372E-004
