           1  0.701404512       3.0396219606523690E-003
           2  0.654246509       2.9337124847484027E-003
           3  0.612029016       2.8377711149731762E-003
           4  0.574249506       2.8502367201475812E-003
           5  0.540429473       2.6617290044244945E-003
           6  0.510151029       2.5690549009605391E-003
           7  0.483037502       2.5523139822273004E-003
           8  0.458749503       2.4547595228853404E-003
           9  0.437021494       2.3984934538140530E-003
          10  0.417569011       2.2620677107744306E-003
          11  0.400137007       2.2249507451361436E-003
          12  0.384538502       2.1247875920950995E-003
          13  0.370575488       1.9994823177072324E-003
          14  0.358078510       2.0356990983368688E-003
          15  0.346879005       1.9466611861666159E-003
          16  0.336840987       1.8902309817393197E-003
          17  0.327866495       1.8129347002528104E-003
          18  0.319831997       1.7350518620896358E-003
          19  0.312645495       1.8084801355512685E-003
          20  0.306203008       1.7529756734238735E-003
          21  0.300448507       1.5947032680902434E-003
          22  0.295308501       1.5639432717367142E-003
          23  0.290710002       1.6102031966244749E-003
          24  0.286587000       1.5488849987143106E-003
          25  0.282893986       1.5565661341951447E-003
          26  0.279579997       1.4953541971847409E-003
          27  0.276618004       1.4728487838828609E-003
          28  0.273973495       1.4286925079662731E-003
          29  0.271595508       1.4630864935101934E-003
          30  0.269464999       1.3917323453854439E-003
          31  0.267553002       1.4049624321664292E-003
          32  0.265836507       1.3578492363851002E-003
          33  0.264297992       1.3135942853111518E-003
          34  0.262903005       1.3329650958678269E-003
          35  0.261641502       1.3459962178392012E-003
          36  0.260491014       1.3026024987041411E-003
          37  0.259442508       1.2901853353804544E-003
          38  0.258484513       1.2984877562963269E-003
          39  0.257624507       1.2342248155746544E-003
          40  0.256841987       1.2489227876436243E-003
          41  0.256145000       1.2283900538218736E-003
          42  0.255510002       1.1967749602225647E-003
          43  0.254934490       1.1996981422674451E-003
          44  0.254421502       1.1860117692691790E-003
          45  0.253958493       1.1566468058209953E-003
          46  0.253547490       1.2078816308332379E-003
          47  0.253174514       1.1643860433000032E-003
          48  0.252835989       1.1425101851295328E-003
          49  0.252546489       1.1768864627077838E-003
          50  0.252288014       1.1577156803596461E-003
          51  0.252070010       1.1529792149453282E-003
          52  0.251890987       1.1779436739159403E-003
          53  0.251746505       1.1329841009545105E-003
          54  0.251621515       1.1776809825621922E-003
          55  0.251515001       1.1492160355477505E-003
          56  0.251414001       1.1434838987018363E-003
          57  0.251323014       1.1405343074022416E-003
          58  0.251251996       1.0887976937846921E-003
          59  0.251197010       1.1629159008023121E-003
          60  0.251143992       1.1113582054842785E-003
          61  0.251112014       1.1039176936752664E-003
          62  0.251090497       1.1554114291547437E-003
          63  0.251071990       1.1207521893477966E-003
          64  0.251048505       1.1293774874056924E-003
          65  0.251022488       1.1312046923430627E-003
          66  0.250989497       1.1167098988943036E-003
          67  0.250957489       1.1213708147243327E-003
          68  0.250919014       1.1636488645799814E-003
          69  0.250876009       1.1400672246008646E-003
          70  0.250811011       1.1421526660600947E-003
          71  0.250764012       1.1392274148194466E-003
          72  0.250716507       1.1257296866194447E-003
          73  0.250684500       1.0972392973792246E-003
          74  0.250649989       1.0925119525953448E-003
          75  0.250611514       1.1646484344919902E-003
          76  0.250577986       1.1258311845603304E-003
          77  0.250546992       1.1213937785460217E-003
          78  0.250512987       1.1335714757645984E-003
          79  0.250472486       1.1615177267739155E-003
          80  0.250444502       1.1343807390546796E-003
          81  0.250422001       1.0536146975024332E-003
          82  0.250402510       1.1305290373740278E-003
          83  0.250396997       1.1126159304857657E-003
          84  0.250400990       1.0860921538018045E-003
          85  0.250416011       1.1143793396148169E-003
          86  0.250429988       1.0882478327527898E-003
          87  0.250460505       1.1019380145404160E-003
          88  0.250517488       1.0983250947939403E-003
          89  0.250588000       1.1354825998101637E-003
          90  0.250656486       1.1016257242184718E-003
