           1  0.657023489       1.7370834458999868E-003
           2  0.583115518       1.6941716980102062E-003
           3  0.522622526       1.5712494652049824E-003
           4  0.473096490       1.4903804252665363E-003
           5  0.432561994       1.3854562523736979E-003
           6  0.399365515       1.2756735354407253E-003
           7  0.372164011       1.2437668130852787E-003
           8  0.349918514       1.1527792308751615E-003
           9  0.331719995       1.1434726167867189E-003
          10  0.316816002       1.0614798800436059E-003
          11  0.304628998       1.0076398212280038E-003
          12  0.294649005       9.5078127638059250E-004
          13  0.286474496       9.3673773987848410E-004
          14  0.279769510       9.2538594059210890E-004
          15  0.274280012       8.6729381509352164E-004
          16  0.269775987       8.6531120355314711E-004
          17  0.266072989       8.2719944090770881E-004
          18  0.263033509       8.0636807046995335E-004
          19  0.260529011       7.7081012416291284E-004
          20  0.258461505       7.8380918858852219E-004
          21  0.256756514       7.7993802380853044E-004
          22  0.255380005       7.8449698700829343E-004
          23  0.254263490       7.2992414169365915E-004
          24  0.253353506       7.2385983372297595E-004
          25  0.252580494       7.2465758472476760E-004
          26  0.251956493       7.0542190744881891E-004
          27  0.251439005       6.9214765509778683E-004
          28  0.250999987       6.7636435629661118E-004
          29  0.250636488       6.9459169700003542E-004
          30  0.250331998       6.6019587926525319E-004
          31  0.250101000       6.8745163753906597E-004
          32  0.249891505       6.5173346346272733E-004
          33  0.249720499       6.8225973589551266E-004
          34  0.249575004       6.7087620687050536E-004
          35  0.249451503       6.3861846318299920E-004
          36  0.249359995       6.6034478935817788E-004
          37  0.249311507       6.6807258051394325E-004
          38  0.249264002       6.7126969690483403E-004
          39  0.249228999       6.4851787932308736E-004
          40  0.249224007       6.5462193616616518E-004
          41  0.249245495       6.7365247873775187E-004
          42  0.249249995       6.6148071382207034E-004
          43  0.249265000       6.6171222111661196E-004
          44  0.249263495       6.5294980827543530E-004
          45  0.249266505       6.5227753540765250E-004
          46  0.249293506       6.6640761599785520E-004
          47  0.249284998       6.5696230643169694E-004
          48  0.249285504       6.3245819128060769E-004
          49  0.249271005       6.6109202681890068E-004
          50  0.249235004       6.4805522276783134E-004
