           1  0.620583475       1.1781334447073600E-003
           2  0.527898490       1.0917937533919285E-003
           3  0.458230495       9.7370392323722660E-004
           4  0.405895501       9.2819514232180011E-004
           5  0.366562992       8.8736675706975053E-004
           6  0.336962998       8.2120991475094539E-004
           7  0.314709008       7.1966703664569061E-004
           8  0.298000991       7.1121045717610859E-004
           9  0.285439014       6.6005879251378641E-004
          10  0.275986493       6.0663292338566195E-004
          11  0.268896013       5.7033210658036595E-004
          12  0.263608009       5.5120803825482647E-004
          13  0.259680510       5.4885972722038153E-004
          14  0.256749511       5.3228947756695888E-004
          15  0.254557014       5.2403339067421133E-004
          16  0.252930999       4.9678599480168690E-004
          17  0.251744986       4.9845385544515757E-004
          18  0.250854492       4.9760666458081285E-004
          19  0.250191987       4.9277449251258895E-004
          20  0.249672502       4.7696064947804314E-004
          21  0.249283999       4.9034935462108483E-004
          22  0.248954505       4.7507939303927381E-004
          23  0.248687997       4.7579362412303392E-004
          24  0.248509005       4.5373555685575208E-004
          25  0.248402998       4.6853503857150494E-004
          26  0.248304993       4.7798017380316731E-004
          27  0.248248994       4.5919399521098588E-004
          28  0.248248994       4.7144064606742986E-004
          29  0.248222500       4.9464822940090613E-004
          30  0.248201996       4.6859555800027379E-004
          31  0.248220503       4.6374299423206013E-004
          32  0.248195499       4.6822099255772106E-004
          33  0.248129502       4.4177756161758785E-004
          34  0.248089001       4.7281789329804561E-004
          35  0.248059005       4.7302074077543079E-004
