           1  0.603878498       1.0257554152038894E-003
           2  0.503039002       8.9628093344230506E-004
           3  0.430769503       8.0876070252726081E-004
           4  0.378973007       7.7304062671872283E-004
           5  0.341798007       6.9060411210196285E-004
           6  0.315165013       6.6262466480542653E-004
           7  0.296090990       5.9495384028473454E-004
           8  0.282391012       5.3741464601615501E-004
           9  0.272554487       5.1798078104408382E-004
          10  0.265519500       4.8837152303137107E-004
          11  0.260528505       4.6000892171279699E-004
          12  0.256963491       4.5564355788624045E-004
          13  0.254383504       4.4709240535583072E-004
          14  0.252549499       4.4563259865912098E-004
          15  0.251251489       4.2818062964719903E-004
          16  0.250320494       4.1603103724330585E-004
          17  0.249671996       4.1575745592416447E-004
          18  0.249224007       4.0830783810114014E-004
          19  0.248888001       4.1815602771402849E-004
          20  0.248643503       4.0829447617518676E-004
          21  0.248437002       3.9432577958052216E-004
          22  0.248262003       4.0280317309172810E-004
          23  0.248203501       4.0875433303292052E-004
          24  0.248156503       4.0786254075192516E-004
          25  0.248080000       4.0380610850743426E-004
          26  0.248102501       3.8544844004412645E-004
          27  0.248107493       4.0241423072313610E-004
          28  0.248090997       4.1076039183694086E-004
          29  0.248006999       3.8931485526436674E-004
          30  0.247864500       4.0378718520838933E-004
