           1  0.674754500       2.2543697918233872E-003
           2  0.613849521       2.0672541105199926E-003
           3  0.561651528       2.0898861690480451E-003
           4  0.516888976       1.9848719294686635E-003
           5  0.478495002       1.8987334627821840E-003
           6  0.445571512       1.7277421233512105E-003
           7  0.417331487       1.6485572297547356E-003
           8  0.393111497       1.6082063485062684E-003
           9  0.372359514       1.5508166325957954E-003
          10  0.354586512       1.4867828622547020E-003
          11  0.339352995       1.4483043059170054E-003
          12  0.326305985       1.3388455232755797E-003
          13  0.315138012       1.2988523998647764E-003
          14  0.305575997       1.2674110665205035E-003
          15  0.297406495       1.2501401148360227E-003
          16  0.290430009       1.2098904570240683E-003
          17  0.284451008       1.1682474076689096E-003
          18  0.279346496       1.1373997598728464E-003
          19  0.274978012       1.1066710040990785E-003
          20  0.271230996       1.0798914305017130E-003
          21  0.268022507       1.0518569723423226E-003
          22  0.265258491       9.7206711992341220E-004
          23  0.262869000       1.0011273320285846E-003
          24  0.260843009       1.0122462319958002E-003
          25  0.259113997       9.7183843389849964E-004
          26  0.257620513       9.7780026690581540E-004
          27  0.256334513       9.2184363736752073E-004
          28  0.255219996       9.1945961724983194E-004
          29  0.254272997       9.1512254868757062E-004
          30  0.253464013       9.1610617226129168E-004
          31  0.252772987       8.8991437613203384E-004
          32  0.252191007       8.9761538145041351E-004
          33  0.251711011       8.9778185621358804E-004
          34  0.251304507       8.6109608136228160E-004
          35  0.250947505       8.7999754607478054E-004
          36  0.250651985       8.8395027376688448E-004
          37  0.250381500       8.6318154902765144E-004
          38  0.250153989       8.5078920893840154E-004
          39  0.249975502       8.5792158029640597E-004
          40  0.249836996       8.6063217719605119E-004
          41  0.249696001       8.5870608467851224E-004
          42  0.249576494       8.4127233404168321E-004
          43  0.249464005       8.4614606815990522E-004
          44  0.249344498       8.6070272812869045E-004
          45  0.249245003       8.2957254752270620E-004
          46  0.249174997       8.1883562398244174E-004
          47  0.249118000       8.6465558369302727E-004
          48  0.249060005       8.3996976857085863E-004
          49  0.249019504       8.8244948947609181E-004
          50  0.248992503       8.4047666382124585E-004
          51  0.248959005       8.5646461309032084E-004
          52  0.248927504       8.5197079968265122E-004
          53  0.248887494       8.1737362936226091E-004
          54  0.248854995       8.4594841997683078E-004
          55  0.248844504       8.4187640820139714E-004
          56  0.248834506       8.8137861748452959E-004
          57  0.248813003       8.4767197296076581E-004
          58  0.248794496       8.6439044950330885E-004
          59  0.248786494       8.2737194237168040E-004
          60  0.248802006       8.4988098387818456E-004
          61  0.248804495       8.3302042978355615E-004
          62  0.248813495       8.2500540157401880E-004
          63  0.248828501       8.3743480673389764E-004
          64  0.248847499       8.4098002425889932E-004
          65  0.248848498       8.4505963424040054E-004
