           1  0.690313518       2.6058486771671371E-003
           2  0.638500988       2.5199600693100468E-003
           3  0.592786014       2.4894521240832216E-003
           4  0.552455485       2.4038257071705982E-003
           5  0.516852975       2.2864692720297765E-003
           6  0.485430002       2.1854009351876236E-003
           7  0.457699001       2.1605174835025442E-003
           8  0.433216512       2.0158022091877202E-003
           9  0.411588490       1.9486001316614330E-003
          10  0.392499506       2.0432025893431342E-003
          11  0.375660509       1.8261692207953597E-003
          12  0.360790998       1.7571203025595686E-003
          13  0.347681999       1.7830998147856960E-003
          14  0.336106509       1.6823102061319618E-003
          15  0.325882494       1.6503623322407257E-003
          16  0.316860497       1.5970676899279995E-003
          17  0.308912009       1.5533495055129291E-003
          18  0.301901489       1.5336383036161512E-003
          19  0.295722008       1.4758642574377980E-003
          20  0.290275007       1.4069521082565046E-003
          21  0.285458505       1.3436262729256778E-003
          22  0.281210989       1.3712155294565676E-003
          23  0.277481496       1.3680787735016059E-003
          24  0.274196506       1.3320149272865508E-003
          25  0.271304995       1.2956280224418184E-003
          26  0.268764496       1.2277598952134929E-003
          27  0.266531497       1.2058673221901838E-003
          28  0.264569014       1.2076309950277090E-003
          29  0.262836486       1.2130863215703144E-003
          30  0.261301011       1.1677204860903723E-003
          31  0.259939998       1.1603455696767085E-003
          32  0.258744001       1.1313462757890072E-003
          33  0.257681012       1.1314031077707619E-003
          34  0.256747514       1.1521228751916236E-003
          35  0.255920500       1.0965152543505720E-003
          36  0.255201012       1.1238471621245493E-003
          37  0.254576504       1.1087037031945492E-003
          38  0.254009992       1.1061119910665881E-003
          39  0.253503501       1.0537441725734723E-003
          40  0.253053010       1.0683957637241132E-003
          41  0.252637506       1.0894566188843111E-003
          42  0.252279013       1.0738951511864128E-003
          43  0.251959503       1.0722110346657748E-003
          44  0.251669496       1.0536490831877265E-003
          45  0.251418501       1.0621072657099344E-003
          46  0.251188993       1.0453834761168172E-003
          47  0.250982493       1.0556963779740098E-003
          48  0.250790507       9.9979241037417474E-004
          49  0.250615507       1.0128019428297887E-003
          50  0.250462502       1.0039771309012845E-003
          51  0.250312001       9.9009804572592394E-004
          52  0.250170499       9.9151533420841886E-004
          53  0.250039011       9.8458054758557094E-004
          54  0.249921501       1.0430632889230282E-003
          55  0.249828994       9.7890287224898552E-004
          56  0.249749005       1.0340710607030115E-003
          57  0.249667004       9.6346852313675710E-004
          58  0.249613494       1.0195690269797358E-003
          59  0.249583498       1.0135078329966424E-003
          60  0.249569505       9.7373239064126938E-004
          61  0.249557495       1.0096539407841469E-003
          62  0.249565005       1.0208835840448173E-003
          63  0.249568000       1.0316573769228940E-003
          64  0.249586493       9.7356083598979361E-004
          65  0.249622002       1.0190008450941990E-003
          66  0.249659494       9.8373131390937425E-004
          67  0.249698505       9.7847330195602344E-004
          68  0.249739006       9.8246078624496095E-004
          69  0.249779999       9.9361121853648419E-004
          70  0.249823004       1.0117857033775334E-003
          71  0.249858499       9.9135100106682449E-004
          72  0.249895006       1.0025563224417564E-003
          73  0.249927506       1.0359593011976373E-003
          74  0.249941498       9.6990931598716018E-004
          75  0.249941006       9.9023757366623467E-004
          76  0.249942496       1.0258213228307377E-003
          77  0.249926999       1.0282798602502150E-003
          78  0.249914005       9.9149925916385082E-004
          79  0.249904498       1.0026557804483595E-003
          80  0.249897003       1.0147923090670905E-003
