           1  0.702991009       3.4152314047552214E-003
           2  0.659842491       3.2588248945719100E-003
           3  0.620802999       3.2632205735832302E-003
           4  0.585466027       3.1029285879708769E-003
           5  0.553488016       2.9204791420334216E-003
           6  0.524551511       2.7815010140946062E-003
           7  0.498365015       2.7684727838130372E-003
           8  0.474666506       2.5676967462467531E-003
           9  0.453224003       2.6303753138742646E-003
          10  0.433836997       2.5749058920688447E-003
          11  0.416308999       2.5171982709311204E-003
          12  0.400458008       2.4720520579444598E-003
          13  0.386119515       2.2672432253705264E-003
          14  0.373136491       2.1677393949462373E-003
          15  0.361382514       2.1978447116573290E-003
          16  0.350740492       2.0645633406383692E-003
          17  0.341110498       2.1770349501142646E-003
          18  0.332395494       2.0140021767390912E-003
          19  0.324507505       1.9350493799064122E-003
          20  0.317371488       1.9794342613540078E-003
          21  0.310910493       1.8931747721483711E-003
          22  0.305060506       1.8409559247262034E-003
          23  0.299755514       1.7722780643481609E-003
          24  0.294954985       1.7320576586719746E-003
          25  0.290600508       1.6803652120309595E-003
          26  0.286652505       1.6792517415836698E-003
          27  0.283071488       1.6126654792828290E-003
          28  0.279821992       1.5909266677328611E-003
          29  0.276873499       1.5554860508761972E-003
          30  0.274207503       1.6027985075970023E-003
          31  0.271798491       1.5013451043636426E-003
          32  0.269614488       1.5213811868001069E-003
          33  0.267640501       1.5324398750291455E-003
          34  0.265851498       1.4468373068783403E-003
          35  0.264243990       1.4021071767281450E-003
          36  0.262796015       1.4936473736580505E-003
          37  0.261501014       1.4073337112168194E-003
          38  0.260333508       1.3560775960581070E-003
          39  0.259288490       1.4407691931913927E-003
          40  0.258347988       1.3551736472215293E-003
          41  0.257497489       1.3472044528211671E-003
          42  0.256731987       1.3148822372866052E-003
          43  0.256038010       1.3914863005744461E-003
          44  0.255415499       1.3467677582150192E-003
          45  0.254857004       1.2814073080071155E-003
          46  0.254350007       1.3178544791322103E-003
          47  0.253888994       1.3003225794825028E-003
          48  0.253474504       1.2972494349257082E-003
          49  0.253103495       1.3001854175511544E-003
          50  0.252773494       1.2291052649476785E-003
          51  0.252474010       1.2954058373335030E-003
          52  0.252206504       1.2578772852780318E-003
          53  0.251971006       1.2441965795476420E-003
          54  0.251753986       1.2797255448509690E-003
          55  0.251571506       1.2630175003042056E-003
          56  0.251417011       1.2303273062592979E-003
          57  0.251280993       1.2589859259617357E-003
          58  0.251152486       1.2395169827891814E-003
          59  0.251038015       1.2510867224061982E-003
          60  0.250932515       1.2294277883839091E-003
          61  0.250834495       1.2404200637642236E-003
          62  0.250755489       1.2387538448325071E-003
          63  0.250688493       1.2358940603780469E-003
          64  0.250627995       1.2430642695644024E-003
          65  0.250568986       1.2384273070065142E-003
          66  0.250505000       1.2447928534037825E-003
          67  0.250453502       1.2862111405137790E-003
          68  0.250405014       1.2143989623217813E-003
          69  0.250364512       1.1969341974435153E-003
          70  0.250334501       1.2404364162235239E-003
          71  0.250313014       1.2612025239543639E-003
          72  0.250303507       1.2441519076679601E-003
          73  0.250292510       1.2394221617572226E-003
          74  0.250284493       1.2228461433463275E-003
          75  0.250273496       1.2099747158073196E-003
          76  0.250252485       1.2619353883943616E-003
          77  0.250225991       1.2373186427156633E-003
          78  0.250198007       1.2300322494188034E-003
          79  0.250159502       1.2859609389164841E-003
          80  0.250126511       1.2204148808561807E-003
          81  0.250099987       1.2443581327350986E-003
          82  0.250071496       1.2797769029634775E-003
          83  0.250043988       1.2570708132194055E-003
          84  0.250022501       1.2791714439406112E-003
          85  0.250001997       1.3039925394810695E-003
          86  0.249980003       1.2126231838455177E-003
          87  0.249955505       1.2525603151660779E-003
          88  0.249926001       1.2435835452582762E-003
          89  0.249906495       1.2698130949693170E-003
          90  0.249881998       1.2314304429934687E-003
          91  0.249855995       1.2427577314421171E-003
          92  0.249816507       1.2400690325971922E-003
          93  0.249769494       1.2420556458353658E-003
          94  0.249718502       1.2150399254223945E-003
          95  0.249680504       1.2131640573799091E-003
          96  0.249642998       1.2495895764068061E-003
          97  0.249598503       1.1860327824911377E-003
          98  0.249561504       1.2337783241536688E-003
          99  0.249521002       1.1905398069918507E-003
         100  0.249489501       1.2730751735590849E-003
