           1  0.662121475       1.8168134098635715E-003
           2  0.593172491       1.7517122567130316E-003
           3  0.535724998       1.6072591270450849E-003
           4  0.487850994       1.5521344724965577E-003
           5  0.447925001       1.4709453014879665E-003
           6  0.414621502       1.3722879927518866E-003
           7  0.386833996       1.3765327847973601E-003
           8  0.363664001       1.2969700015894195E-003
           9  0.344345003       1.2198980825759338E-003
          10  0.328242987       1.1665337100571725E-003
          11  0.314835012       1.0844268311553064E-003
          12  0.303653002       1.0929022120991605E-003
          13  0.294340998       1.0476736023938601E-003
          14  0.286581486       9.7966982196514446E-004
          15  0.280106992       8.9522763726721400E-004
          16  0.274715990       9.1021494684896838E-004
          17  0.270215005       9.1311128641472894E-004
          18  0.266455501       8.7534946103196432E-004
          19  0.263321996       8.5944124800816811E-004
          20  0.260707498       7.7762625095345204E-004
          21  0.258540004       7.8662735807150303E-004
          22  0.256732494       7.8949805734587970E-004
          23  0.255224496       7.9985010986817820E-004
          24  0.254004002       7.7203584825298350E-004
          25  0.252990991       7.2517617679462669E-004
          26  0.252151996       7.7646365772004035E-004
          27  0.251458496       7.6045236985323636E-004
          28  0.250887990       7.2637352604100914E-004
          29  0.250411987       7.4481698916805869E-004
          30  0.250042498       7.2946124280890128E-004
          31  0.249745503       7.2542621551879860E-004
          32  0.249493003       7.2519627766263670E-004
          33  0.249296993       7.4430666061062818E-004
          34  0.249154493       7.6330520168226641E-004
          35  0.249020502       7.3430040122921686E-004
          36  0.248916000       7.2306752909502689E-004
          37  0.248879999       7.0166461777638003E-004
          38  0.248842001       7.1823279585059914E-004
          39  0.248816997       7.1379072132607066E-004
          40  0.248795003       7.3616950139623872E-004
          41  0.248767495       7.0848753516140060E-004
          42  0.248715505       7.0354340946307927E-004
          43  0.248655006       7.2448308339546322E-004
          44  0.248580500       7.0166203055525367E-004
          45  0.248500004       7.2658593476338754E-004
          46  0.248426497       7.1553409062638420E-004
          47  0.248346493       7.0207172498969346E-004
          48  0.248286501       7.0686900205077464E-004
          49  0.248256996       7.0402716435285346E-004
          50  0.248241007       7.1405648563645186E-004
          51  0.248211503       7.2560293887683576E-004
          52  0.248209998       7.0125918689453151E-004
          53  0.248213500       7.1007051619160317E-004
          54  0.248217493       6.8027925024001686E-004
          55  0.248245999       7.2507912266273739E-004
