           1  0.493914515       5.1635783035814807E-004
           2  0.372357488       4.1592400064083881E-004
           3  0.309738487       3.3281938038369328E-004
           4  0.277524501       3.0936164316892591E-004
           5  0.260946512       2.7345968987396198E-004
           6  0.252416015       2.7255201533688504E-004
           7  0.248016998       2.4429681727935901E-004
           8  0.245744005       2.4312447126145580E-004
           9  0.244521007       2.4377326992679196E-004
          10  0.243983507       2.2365023201071889E-004
          11  0.243726000       2.3642503670294538E-004
          12  0.243608505       2.3865527607242387E-004
          13  0.243584007       2.5022327197374972E-004
          14  0.243591502       2.4602075529791119E-004
          15  0.243487507       2.2926523051633395E-004
