           1  0.678954005       2.4390114583747510E-003
           2  0.621475518       2.2450922473378396E-003
           3  0.571645021       2.1359324414340548E-003
           4  0.528466523       2.0791069328191070E-003
           5  0.491052002       1.9810297868665693E-003
           6  0.458625495       1.8965291822702474E-003
           7  0.430528998       1.8309009510839738E-003
           8  0.406168014       1.7687830548560152E-003
           9  0.385073513       1.6974132857374880E-003
          10  0.366782010       1.6299462407861145E-003
          11  0.350934505       1.5596706804315236E-003
          12  0.337203503       1.4725321764723683E-003
          13  0.325298995       1.4484941247977650E-003
          14  0.314985991       1.3767349240585876E-003
          15  0.306060493       1.3863663958864779E-003
          16  0.298328996       1.3402723035059537E-003
          17  0.291640997       1.2262874014849661E-003
          18  0.285854489       1.2126820251676181E-003
          19  0.280849487       1.2102781796073511E-003
          20  0.276499510       1.1893391298223525E-003
          21  0.272740006       1.1853891055761728E-003
          22  0.269497007       1.1377887098273324E-003
          23  0.266692013       1.0804227567884452E-003
          24  0.264262497       1.0546735595245767E-003
          25  0.262170494       1.0794067636330422E-003
          26  0.260358512       1.0578546500490580E-003
          27  0.258801490       1.0608902026088400E-003
          28  0.257456005       1.0109824698574055E-003
          29  0.256307989       9.8287975410781643E-004
          30  0.255284995       1.0123414259039678E-003
          31  0.254404992       9.9091121923651861E-004
          32  0.253638506       9.8917473541357726E-004
          33  0.252990007       1.0057460736731232E-003
          34  0.252431512       9.6801542734268763E-004
          35  0.251951009       9.3255760831593081E-004
          36  0.251533985       9.5056928676914734E-004
          37  0.251170993       9.3867704958324914E-004
          38  0.250862509       9.5717559507894120E-004
          39  0.250602007       9.3378574098793075E-004
          40  0.250386506       9.2635631182598455E-004
          41  0.250191003       9.2757251102134914E-004
          42  0.250030011       9.0184493406185733E-004
          43  0.249886498       9.1856700719734614E-004
          44  0.249748498       9.0744260658228294E-004
          45  0.249635503       9.2270212464835182E-004
          46  0.249529004       9.2149995568837533E-004
          47  0.249433994       9.4412722432560649E-004
          48  0.249346003       9.2819024482954473E-004
          49  0.249262497       9.0327925867787838E-004
          50  0.249171004       8.8407157354046236E-004
          51  0.249093503       9.1149602003485629E-004
          52  0.249043003       8.9462143826536818E-004
          53  0.248999506       8.9648348282239416E-004
          54  0.248956501       9.0214374740850271E-004
          55  0.248923495       8.8265076052728851E-004
          56  0.248892501       8.9286717188307850E-004
          57  0.248876497       8.5975426317144244E-004
          58  0.248862505       9.3444328355847615E-004
          59  0.248845503       9.0016776526237712E-004
          60  0.248833001       8.9176246412704522E-004
          61  0.248823002       8.7511740309701336E-004
          62  0.248826504       9.2216792215589428E-004
          63  0.248809993       8.7467310818415442E-004
          64  0.248804495       8.9099504406420227E-004
          65  0.248798504       9.0672472012123741E-004
          66  0.248803005       9.0974118141021979E-004
          67  0.248792499       8.6970453073713079E-004
          68  0.248778507       8.5930623494380888E-004
          69  0.248771504       8.8729882770821806E-004
          70  0.248770505       8.8075368493309241E-004
