           1  0.690834522       2.8999067649193139E-003
           2  0.641687989       2.8326976537090629E-003
           3  0.597996473       2.7333762416738906E-003
           4  0.559143484       2.4540007139489169E-003
           5  0.524608016       2.5372814741401037E-003
           6  0.493914992       2.4804529151784211E-003
           7  0.466643989       2.3256133395439765E-003
           8  0.442405999       2.2169152630276173E-003
           9  0.420870513       2.2167525560764260E-003
          10  0.401720494       2.0880895859685935E-003
          11  0.384690493       2.0638885585468800E-003
          12  0.369578004       1.9840489910475153E-003
          13  0.356142014       1.8750097740977186E-003
          14  0.344193995       1.8947788611451499E-003
          15  0.333561003       1.8701509144318231E-003
          16  0.324115992       1.6939869241836924E-003
          17  0.315730006       1.7020176678036679E-003
          18  0.308281988       1.7089234651099649E-003
          19  0.301663011       1.6455528372566342E-003
          20  0.295767009       1.5848383816340641E-003
          21  0.290527493       1.5875299233008226E-003
          22  0.285876006       1.4929743953392320E-003
          23  0.281744003       1.4819305426795888E-003
          24  0.278064996       1.4554506251174631E-003
          25  0.274793506       1.4332341859216217E-003
          26  0.271887988       1.4261118344601914E-003
          27  0.269316494       1.3498439044465876E-003
          28  0.267040491       1.2651680251663929E-003
          29  0.265025496       1.3771591752962523E-003
          30  0.263227999       1.2493899203941245E-003
          31  0.261623502       1.2886231463444117E-003
          32  0.260198504       1.2176745698578026E-003
          33  0.258940995       1.2761803523541470E-003
          34  0.257815003       1.3129371874237210E-003
          35  0.256821007       1.2473908054290506E-003
          36  0.255955487       1.2105132244933437E-003
          37  0.255198002       1.2071108025333587E-003
          38  0.254532993       1.1886766971459003E-003
          39  0.253948003       1.1375204214552747E-003
          40  0.253429502       1.1764358358679612E-003
          41  0.252970487       1.1251870745755822E-003
          42  0.252568990       1.1654219681682173E-003
          43  0.252198994       1.1282232079472525E-003
          44  0.251859993       1.1611147927887938E-003
          45  0.251567990       1.1149903610295853E-003
          46  0.251318991       1.1574015618985405E-003
          47  0.251096487       1.0780649920061084E-003
          48  0.250899494       1.1304313193743953E-003
          49  0.250708491       1.1239981194981611E-003
          50  0.250521511       1.1305476229853063E-003
          51  0.250350505       1.1510723166906326E-003
          52  0.250198513       1.0919541067873019E-003
          53  0.250059485       1.1247102183540721E-003
          54  0.249926999       1.1045185954901718E-003
          55  0.249803007       1.1293575156129663E-003
          56  0.249682993       1.1425295378424650E-003
          57  0.249576494       1.0872262401357457E-003
          58  0.249482006       1.0928332814371185E-003
          59  0.249386504       1.1158978056485327E-003
          60  0.249296993       1.1009670581477188E-003
          61  0.249216497       1.0545764021097981E-003
          62  0.249146506       1.1207679152240664E-003
          63  0.249070495       1.0602737357122802E-003
          64  0.249002993       1.0969179983181885E-003
          65  0.248937994       1.0817843122609277E-003
          66  0.248895004       1.1166312769980275E-003
          67  0.248855501       1.0772896985403076E-003
          68  0.248822004       1.1206950359094069E-003
          69  0.248795003       1.1130640552144014E-003
          70  0.248766005       1.0686560147416793E-003
          71  0.248741001       1.0792309993246435E-003
          72  0.248730004       1.0607553514186460E-003
          73  0.248719007       1.0883797456875252E-003
          74  0.248710498       1.0928418724842843E-003
          75  0.248714998       1.1245622109764806E-003
          76  0.248698503       1.0580393569035607E-003
          77  0.248696506       1.1307360264153849E-003
          78  0.248692006       1.0971386344328703E-003
          79  0.248678997       1.1140618077413280E-003
          80  0.248654500       1.0875125552737919E-003
          81  0.248629496       1.0983060860468527E-003
          82  0.248614505       1.0650997492584707E-003
          83  0.248599499       1.0706074714865958E-003
          84  0.248578995       1.1058224914413267E-003
          85  0.248563007       1.0938378561003682E-003
