           1  0.410469502       3.8859686035553362E-004
           2  0.300541490       2.9436453449186367E-004
           3  0.259768993       2.3830880931277455E-004
           4  0.244443506       2.1819560075712007E-004
           5  0.238889500       2.2424205887980396E-004
           6  0.236647993       2.0373656754946878E-004
           7  0.235888004       2.0410075161776925E-004
           8  0.235412002       2.0690825508208038E-004
           9  0.235271007       2.1060980444015268E-004
          10  0.235261500       2.1084845988032647E-004
