           1  0.578658521       8.6382244311409455E-004
           2  0.469444513       7.4595702958874010E-004
           3  0.396250486       6.6304989346847615E-004
           4  0.347182512       5.9855904927732140E-004
           5  0.314312488       5.3079409286793840E-004
           6  0.292214513       4.7372813677448174E-004
           7  0.277351499       4.6066971937107050E-004
           8  0.267422497       4.2362746632796056E-004
           9  0.260820508       4.0112127283613161E-004
          10  0.256386489       3.8372413157850379E-004
          11  0.253390014       3.7822317532197489E-004
          12  0.251339495       3.6045722592827133E-004
          13  0.250010997       3.5943793205479543E-004
          14  0.249083504       3.5773784634333478E-004
          15  0.248477995       3.5435202266389750E-004
          16  0.248078004       3.4635780586417193E-004
          17  0.247775003       3.4293724409161647E-004
          18  0.247566998       3.5212969666004678E-004
          19  0.247439995       3.5657677231506612E-004
          20  0.247394994       3.5846349081186121E-004
          21  0.247368500       3.5938882522427784E-004
          22  0.247378498       3.5097264436452350E-004
          23  0.247354999       3.5643098588966095E-004
          24  0.247382000       3.4256986314786604E-004
          25  0.247404993       3.4098176565520652E-004
