           1  0.646616995       1.4896803607586629E-003
           2  0.567230523       1.4847700697086742E-003
           3  0.503669977       1.3755109487229252E-003
           4  0.452771991       1.2906700153365190E-003
           5  0.411980003       1.1761376766812701E-003
           6  0.379289001       1.1214078726501347E-003
           7  0.353094012       1.0299075556876301E-003
           8  0.332094997       9.6167544301535145E-004
           9  0.315297008       9.5412627131236420E-004
          10  0.301850498       8.5864863171263614E-004
          11  0.291120499       8.4196732684882285E-004
          12  0.282557994       8.5219508033860137E-004
          13  0.275718510       7.4906690411174473E-004
          14  0.270245999       7.4005705199679285E-004
          15  0.265877485       6.9458419427199784E-004
          16  0.262389004       7.0866935976137020E-004
          17  0.259582490       6.9170825818904976E-004
          18  0.257360488       6.4408122185265779E-004
          19  0.255562514       6.3791063334002278E-004
          20  0.254134506       6.4405739668057767E-004
          21  0.252995491       6.6445596134170361E-004
          22  0.252099514       6.5236581526165508E-004
          23  0.251390010       6.2773070933424613E-004
          24  0.250813514       6.1940871669854253E-004
          25  0.250371486       6.1359839020765224E-004
          26  0.250044495       6.0549956816087784E-004
          27  0.249775499       5.9318456784197577E-004
          28  0.249576002       6.0638318563910494E-004
          29  0.249430507       6.2596694615209563E-004
          30  0.249290004       5.9793913810939645E-004
          31  0.249180004       6.0334535685826920E-004
          32  0.249107495       6.0062347513735730E-004
          33  0.249046996       5.7053620475512427E-004
          34  0.249031499       5.8721910416519030E-004
          35  0.248992994       5.8520183541652517E-004
          36  0.248954996       5.8624463432752647E-004
          37  0.248921007       5.8246367611545244E-004
          38  0.248908505       5.8142707197524838E-004
          39  0.248890504       5.7588874242577807E-004
          40  0.248869494       5.8891683296208818E-004
          41  0.248861000       5.7435420225087480E-004
          42  0.248852998       6.1778420685576724E-004
          43  0.248788506       5.8364618864833009E-004
          44  0.248742506       5.8961521784380553E-004
          45  0.248696506       5.6061545996738806E-004
