  0.447487742       1.8898124178826680E-004  0.552839637       1.9580541395342391E-004
  0.485109270       1.8075360764922276E-004  0.378652424       8.8755163956151715E-005
  0.493312627       2.0644555340142685E-004  0.278509915       5.3884608949554445E-005
  0.496256024       2.6158557743168547E-004  0.218996942       3.5635787241057946E-005
  0.497220725       2.9379699965121476E-004  0.180093914       2.6189493379785458E-005
  0.498078257       3.5621486118699106E-004  0.152802810       2.0145648640512048E-005
  0.498008072       4.2993582146639013E-004  0.132650241       1.7112597395252781E-005
  0.498396307       4.6401699628164278E-004  0.117193215       1.4359892585943187E-005
  0.498691678       5.4215258447617434E-004  0.104937725       1.2307190930887568E-005
  0.498939633       5.9118910500282132E-004   9.50169563E-02   1.0659312849080921E-005
  0.498887559       6.4788954284202178E-004   8.67648125E-02   9.0914759524301302E-006
  0.498502731       7.1352807960945049E-004   7.98642263E-02   8.5155468101942300E-006
  0.498612642       7.5190898936942831E-004   7.39717931E-02   7.5558754222303124E-006
  0.498696029       8.0195543446214825E-004   6.88822865E-02   6.8544153936051587E-006
  0.498718292       8.8891551511264069E-004   6.44405559E-02   5.9034105332909152E-006
  0.499994541       9.3762734767455138E-004   6.05487227E-02   5.4817392252523140E-006
  0.499914920       1.0193094591237125E-003   5.70937321E-02   5.2930274665628715E-006
  0.501053870       1.0163715367834223E-003   5.40165752E-02   4.9263848635249917E-006
  0.500153870       1.0338437753610204E-003   5.12495227E-02   4.7296044571881539E-006
  0.499990989       1.1075467358706952E-003   4.87496890E-02   4.2825983241464145E-006
