           1  0.432588011       6.3661302662778685E-004
           2  0.375070006       6.3571868847936170E-004
           3  0.325170010       6.4226185735204123E-004
           4  0.281911999       6.1484960686711005E-004
           5  0.244360000       6.1089309793215744E-004
           6  0.211781994       6.1934858306335002E-004
           7  0.183510005       5.8480019651606212E-004
           8  0.159030005       5.5249806023525418E-004
           9  0.137804002       5.5050859012823535E-004
          10  0.119400002       5.6124738069873086E-004
          11  0.103458002       5.2505538161597240E-004
          12   8.96359980E-02   5.3254077962495375E-004
          13   7.76500031E-02   4.9659202635163530E-004
          14   6.72700033E-02   4.9241492740829159E-004
          15   5.82639985E-02   5.0948157681530006E-004
          16   5.04520014E-02   5.0284715935348620E-004
          17   4.36820015E-02   5.0347113761543035E-004
          18   3.78240012E-02   4.9214039966299613E-004
          19   3.27400006E-02   4.9056720195135551E-004
          20   2.83579994E-02   4.8954614502177941E-004
          21   2.45559998E-02   4.7723375798928096E-004
          22   2.12619994E-02   4.9176493414515891E-004
          23   1.83940008E-02   4.9733562814765575E-004
          24   1.59140006E-02   4.9178045548436673E-004
          25   1.37419999E-02   5.1650321279028710E-004
          26   1.18140001E-02   5.0733127110311844E-004
          27   1.01560000E-02   4.9407962521141717E-004
          28   8.72999988E-03   5.2793683196793119E-004
          29   7.49999983E-03   5.0003371317446153E-004
          30   6.42800005E-03   4.9543055934081395E-004
          31   5.48399985E-03   5.1360312760865710E-004
          32   4.67999978E-03   5.1414204338817162E-004
          33   4.01599985E-03   5.0764494411842506E-004
          34   3.45199998E-03   5.1078067251814638E-004
          35   2.95399991E-03   5.2304497986252268E-004
          36   2.55399989E-03   5.0714577593843132E-004
          37   2.22999998E-03   5.1771619165383212E-004
          38   1.95800001E-03   5.2103358083662973E-004
          39   1.75199995E-03   5.2062539214057244E-004
          40   1.56799995E-03   5.1002469459923098E-004
          41   1.39600004E-03   4.9824200840154691E-004
          42   1.26599998E-03   5.2318501699530535E-004
          43   1.19400001E-03   5.3952604348713623E-004
          44   1.12799997E-03   5.3717527663341104E-004
          45   1.09000003E-03   5.3097531080226060E-004
          46   1.06399995E-03   5.5582110041490454E-004
          47   1.05600001E-03   5.3235285830393979E-004
          48   1.06599997E-03   5.5450531193220788E-004
          49   1.07400003E-03   5.5307547430864475E-004
          50   1.08800002E-03   5.5605533647325059E-004
          51   1.14800001E-03   5.7889872990504515E-004
          52   1.20000006E-03   5.6156122212029126E-004
          53   1.18200004E-03   5.8614257400149466E-004
          54   1.13200000E-03   5.9111224203130654E-004
          55   1.06200005E-03   5.7678666533104474E-004
          56   9.84000042E-04   5.9342753818675503E-004
          57   9.05999972E-04   6.1100058248350305E-004
          58   8.45999981E-04   6.1916094288679414E-004
          59   7.96000008E-04   6.2870784281326389E-004
          60   7.74000015E-04   6.0045091126732667E-004
          61   7.37999973E-04   6.2673425576356679E-004
          62   7.53999979E-04   6.0880198123001419E-004
          63   7.34000001E-04   6.3324635987311759E-004
          64   7.14000023E-04   6.3767999241107079E-004
          65   6.82000013E-04   6.2775933984861797E-004
          66   5.93999983E-04   6.2040074632352578E-004
          67   5.23999974E-04   6.4333001012195287E-004
          68   4.53999994E-04   6.2238117930684745E-004
          69   3.84000014E-04   6.3450775682043767E-004
          70   3.23999993E-04   6.4889707389395915E-004
