           1  0.474312007       1.5805511406794691E-003
           2  0.450002015       1.5956065467421802E-003
           3  0.426930010       1.5754857384597002E-003
           4  0.405036002       1.6258532066199165E-003
           5  0.384263992       1.6233906564247895E-003
           6  0.364549994       1.5448391704674697E-003
           7  0.345836014       1.6238769510537752E-003
           8  0.328079998       1.5112177650023339E-003
           9  0.311237991       1.5269540627570490E-003
          10  0.295253992       1.5561664181712950E-003
          11  0.280090004       1.5113123429870163E-003
          12  0.265707999       1.4873547280864373E-003
          13  0.252061993       1.5256304248751126E-003
          14  0.239124000       1.4990373774818829E-003
          15  0.226848006       1.4747381793435150E-003
          16  0.215202004       1.3972772510547887E-003
          17  0.204147995       1.4314310886040064E-003
          18  0.193654001       1.3770496414360507E-003
          19  0.183691993       1.3919615316963303E-003
          20  0.174229994       1.4598983459404179E-003
          21  0.165243998       1.3450992012227091E-003
          22  0.156719998       1.4458070551992932E-003
          23  0.148627996       1.3464481638225754E-003
          24  0.140944004       1.3626657603783689E-003
          25  0.133647993       1.3408284752804407E-003
          26  0.126719996       1.3933359686476325E-003
          27  0.120137997       1.3277685324795331E-003
          28  0.113888003       1.2994968990770208E-003
          29  0.107951999       1.2965462077593796E-003
          30  0.102320001       1.2558011628828784E-003
          31   9.69720036E-02   1.3068604819466260E-003
          32   9.19099972E-02   1.3094282643108916E-003
          33   8.71040002E-02   1.2670589381608823E-003
          34   8.25539976E-02   1.2460920364751860E-003
          35   7.82279968E-02   1.2281486669744178E-003
          36   7.41240010E-02   1.2316437460898459E-003
          37   7.02259988E-02   1.2635215388566603E-003
          38   6.65239990E-02   1.2163346723642141E-003
          39   6.30140007E-02   1.2084238155936793E-003
          40   5.96860014E-02   1.1947399416090195E-003
          41   5.65339997E-02   1.1904467095334380E-003
          42   5.35520017E-02   1.2381334294026692E-003
          43   5.07239997E-02   1.2047611628692280E-003
          44   4.80460003E-02   1.1981440095585275E-003
          45   4.55060005E-02   1.2091612639350908E-003
          46   4.30959985E-02   1.1983850997296561E-003
          47   4.08120006E-02   1.1917126237474286E-003
          48   3.86480018E-02   1.1641606350821234E-003
          49   3.66020016E-02   1.2513939378081119E-003
          50   3.46620008E-02   1.2146487824466513E-003
          51   3.28259990E-02   1.1882629056577934E-003
          52   3.10839992E-02   1.2405568883497337E-003
          53   2.94359997E-02   1.1993903859276326E-003
          54   2.78740004E-02   1.1961980181966056E-003
          55   2.63880007E-02   1.2194951290721537E-003
          56   2.49780007E-02   1.2380460325457597E-003
          57   2.36419998E-02   1.1637974688148598E-003
          58   2.23719999E-02   1.2125057294708741E-003
          59   2.11619996E-02   1.1942037320698819E-003
          60   2.00180002E-02   1.2100374640281204E-003
          61   1.89319998E-02   1.2070828535259482E-003
          62   1.78919993E-02   1.2193947363168828E-003
          63   1.69019997E-02   1.1732641705722452E-003
          64   1.59619991E-02   1.2185779558196281E-003
          65   1.50680002E-02   1.2002343374024837E-003
          66   1.42179998E-02   1.1916189044213731E-003
          67   1.34020001E-02   1.1349290263279470E-003
          68   1.26299998E-02   1.2234558135175695E-003
          69   1.18939998E-02   1.2412477730471860E-003
          70   1.11919995E-02   1.2447200683619905E-003
          71   1.05339997E-02   1.2709482654242690E-003
          72   9.90600046E-03   1.2097657284319727E-003
          73   9.31399968E-03   1.2551119133658306E-003
          74   8.75800010E-03   1.2778117394066902E-003
          75   8.22999980E-03   1.2052005754302651E-003
          76   7.73000019E-03   1.2618156294551676E-003
          77   7.26199988E-03   1.2457413699420851E-003
          78   6.81999978E-03   1.2660270393279507E-003
          79   6.40799990E-03   1.2220433988786663E-003
          80   6.01800019E-03   1.2592520047804291E-003
          81   5.64800017E-03   1.2598341048305256E-003
          82   5.29599981E-03   1.2299601253695810E-003
          83   4.96600010E-03   1.2259739172709723E-003
          84   4.66000009E-03   1.2815420165392553E-003
          85   4.36600018E-03   1.2742482586146624E-003
          86   4.09399997E-03   1.2781059488229561E-003
          87   3.84199992E-03   1.1997048116551517E-003
          88   3.60800000E-03   1.2696089445666998E-003
          89   3.39400000E-03   1.2533344298724320E-003
          90   3.19200009E-03   1.2583830678037020E-003
          91   3.00800009E-03   1.2729911384905164E-003
          92   2.82800011E-03   1.2053016783458530E-003
          93   2.66000000E-03   1.2316653216295833E-003
          94   2.51200004E-03   1.2190919069906775E-003
          95   2.36999989E-03   1.2661147671101792E-003
          96   2.23800004E-03   1.2280668525394339E-003
          97   2.11600005E-03   1.2353053659855393E-003
          98   1.99400005E-03   1.2989904427314863E-003
          99   1.87200005E-03   1.2320898880070349E-003
         100   1.75800000E-03   1.2983723692606842E-003
         101   1.64200005E-03   1.2843042459116634E-003
         102   1.52799999E-03   1.2588136875399084E-003
         103   1.40800001E-03   1.3109911460067096E-003
         104   1.29199994E-03   1.3402117645663254E-003
         105   1.18000002E-03   1.3112267354130481E-003
         106   1.07799994E-03   1.3023749160275789E-003
         107   9.66000021E-04   1.3096427806058213E-003
         108   8.59999971E-04   1.3070489853600402E-003
         109   7.52000022E-04   1.2853126128407214E-003
         110   6.44000014E-04   1.3041354161416855E-003
         111   5.31999976E-04   1.2615254994960703E-003
         112   4.23999998E-04   1.3149002779943672E-003
         113   3.18000006E-04   1.3153386893505667E-003
         114   2.16000000E-04   1.2872351216337602E-003
         115   1.08000000E-04   1.3252067463569389E-003
         116   7.99999998E-06   1.2743803124997857E-003
         117  -8.39999993E-05   1.3186311618497688E-003
         118  -1.72000000E-04   1.3015474704954353E-003
         119  -2.57999985E-04   1.2997237694556273E-003
         120  -3.35999997E-04   1.3069564976884867E-003
         121  -4.06000006E-04   1.2866316018088941E-003
         122  -4.68000013E-04   1.3309060508073737E-003
         123  -5.28000004E-04   1.2877050924924183E-003
         124  -5.77999977E-04   1.3204588715545491E-003
         125  -6.22000021E-04   1.3456389264910711E-003
         126  -6.66000007E-04   1.3394193765564370E-003
         127  -7.07999978E-04   1.3131226142543420E-003
         128  -7.47999991E-04   1.3337041097049530E-003
         129  -7.82000017E-04   1.3480925436072408E-003
         130  -8.15999985E-04   1.3198030893045712E-003
         131  -8.42000009E-04   1.3361092768607360E-003
         132  -8.74000019E-04   1.3036931123344704E-003
         133  -9.12000018E-04   1.3574352721418498E-003
         134  -9.45999986E-04   1.3911745298563003E-003
         135  -9.75999981E-04   1.3425855924824694E-003
         136  -1.00599998E-03   1.3765643731118136E-003
         137  -1.03599997E-03   1.3952898864882752E-003
         138  -1.06799998E-03   1.3867277394224405E-003
         139  -1.10999995E-03   1.3398775802539954E-003
         140  -1.14199996E-03   1.3859634791601422E-003
         141  -1.16600003E-03   1.3057812836750346E-003
         142  -1.18200004E-03   1.3847951749343835E-003
         143  -1.20399997E-03   1.3904855243774209E-003
         144  -1.22600002E-03   1.4157000348522604E-003
         145  -1.23000005E-03   1.3994858715919178E-003
         146  -1.22800004E-03   1.3946080169954015E-003
         147  -1.22400001E-03   1.4109780866426510E-003
         148  -1.21200003E-03   1.4023208754261585E-003
         149  -1.20000006E-03   1.3807064956938850E-003
         150  -1.17599999E-03   1.4264090903568529E-003
         151  -1.15799997E-03   1.4277412937480811E-003
         152  -1.12599996E-03   1.4129334706763318E-003
         153  -1.09000003E-03   1.3749069553041441E-003
         154  -1.05399999E-03   1.4338681885565762E-003
         155  -1.02400000E-03   1.4190104116893114E-003
         156  -1.00199995E-03   1.4315773372820637E-003
         157  -9.82000027E-04   1.4138774133904345E-003
         158  -9.61999991E-04   1.4193900122699990E-003
         159  -9.39999998E-04   1.5402536357133349E-003
         160  -9.20000020E-04   1.4966664568434940E-003
         161  -9.10000002E-04   1.4781005908023558E-003
         162  -8.90000025E-04   1.4819355725537134E-003
         163  -8.67999974E-04   1.4766822341128678E-003
         164  -8.52000026E-04   1.5081166610156455E-003
         165  -8.31999991E-04   1.4487008667349677E-003
         166  -8.12000013E-04   1.4891349538872340E-003
         167  -7.91999977E-04   1.5216202073458677E-003
         168  -7.68000027E-04   1.4550922807784116E-003
         169  -7.44000019E-04   1.5253567967998341E-003
         170  -7.15999980E-04   1.4694669187645521E-003
         171  -6.91999972E-04   1.5240517740114446E-003
         172  -6.66000007E-04   1.5038990535397232E-003
         173  -6.33999996E-04   1.5382911060088141E-003
         174  -6.06000016E-04   1.5142473179332705E-003
         175  -5.87999995E-04   1.5479690074403569E-003
         176  -5.74000005E-04   1.5452679773778786E-003
         177  -5.52000012E-04   1.5486218879179451E-003
         178  -5.25999989E-04   1.5134873733552291E-003
         179  -4.98000009E-04   1.6006533100053472E-003
         180  -4.65999998E-04   1.5800423827075820E-003
         181  -4.33999987E-04   1.5593891914865482E-003
         182  -4.07999993E-04   1.5483330060310995E-003
         183  -3.81999998E-04   1.5576372853534600E-003
         184  -3.53999989E-04   1.5604958518330508E-003
         185  -3.30000010E-04   1.5415035600209182E-003
         186  -3.02000000E-04   1.5239104914685369E-003
         187  -2.77999992E-04   1.5839058618594864E-003
         188  -2.57999985E-04   1.5793395312102703E-003
         189  -2.36000007E-04   1.5772143786209705E-003
         190  -2.01999996E-04   1.5656398681979072E-003
