           1  0.469888002       1.3763636634974638E-003
           2  0.441460013       1.3713589284604353E-003
           3  0.414754003       1.3553855437558574E-003
           4  0.389670014       1.3368250436509013E-003
           5  0.366102010       1.3476498384710565E-003
           6  0.343966007       1.3502829938276126E-003
           7  0.323166013       1.3171074395865515E-003
           8  0.303624004       1.3418739665533698E-003
           9  0.285257995       1.3278988221643230E-003
          10  0.268009990       1.2786221497152095E-003
          11  0.251805991       1.3192252793988127E-003
          12  0.236581996       1.2139206769260784E-003
          13  0.222274005       1.2599846684550632E-003
          14  0.208828002       1.2176576516851525E-003
          15  0.196190000       1.2259411574363100E-003
          16  0.184320003       1.2051403308822113E-003
          17  0.173166007       1.2436662166843361E-003
          18  0.162681997       1.1641521472090502E-003
          19  0.152833998       1.2360725290846409E-003
          20  0.143577993       1.1382970542633010E-003
          21  0.134877995       1.1409974500367515E-003
          22  0.126690000       1.1180132518451777E-003
          23  0.119000003       1.1602988833030784E-003
          24  0.111776002       1.1700634933529083E-003
          25  0.104985997       1.1603922706642864E-003
          26   9.85980034E-02   1.0987632364672026E-003
          27   9.26060006E-02   1.0729045678511092E-003
          28   8.69719982E-02   1.1206492549931215E-003
          29   8.16859975E-02   1.1084539010273640E-003
          30   7.67240003E-02   1.1062862052501779E-003
          31   7.20740035E-02   1.1134168552114428E-003
          32   6.77120015E-02   1.1032481104240933E-003
          33   6.36119992E-02   1.0638372819644570E-003
          34   5.97699992E-02   1.0710896563921100E-003
          35   5.61700016E-02   1.0465583071127015E-003
          36   5.27880006E-02   1.0411458844964809E-003
          37   4.96199988E-02   1.0371534742064530E-003
          38   4.66479994E-02   1.0928556768773784E-003
          39   4.38579991E-02   1.0472475095322814E-003
          40   4.12359983E-02   1.0636855646984919E-003
          41   3.87759991E-02   1.0226268496366516E-003
          42   3.64799984E-02   1.0127292738563740E-003
          43   3.43240015E-02   1.0367052038628517E-003
          44   3.23060006E-02   1.0374499893023737E-003
          45   3.04240007E-02   1.0307627607716316E-003
          46   2.86619999E-02   1.0427403364001433E-003
          47   2.69959997E-02   1.0817520537309234E-003
          48   2.54340004E-02   1.0013218711920774E-003
          49   2.39760000E-02   1.0510308882046345E-003
          50   2.25980002E-02   1.1015511167116409E-003
          51   2.12980006E-02   1.0612023596701557E-003
          52   2.00779997E-02   1.0099992314024052E-003
          53   1.89219993E-02   1.0445254483188639E-003
          54   1.78360008E-02   1.0961752585111394E-003
          55   1.68159995E-02   1.0477753580902048E-003
          56   1.58660002E-02   1.0814607052597874E-003
          57   1.49640003E-02   1.0524011791737497E-003
          58   1.41220000E-02   1.0872908174041516E-003
          59   1.33320000E-02   1.0773944257628362E-003
          60   1.25780003E-02   1.0824318603743918E-003
          61   1.18640000E-02   1.0849150870247228E-003
          62   1.11860000E-02   1.0680487443205065E-003
          63   1.05419997E-02   1.0570917604024387E-003
          64   9.92800016E-03   1.0863289951197471E-003
          65   9.35200043E-03   1.0887455627037960E-003
          66   8.79800040E-03   1.0443412170413678E-003
          67   8.27199966E-03   1.1017755980437291E-003
          68   7.77400006E-03   1.0939780993969885E-003
          69   7.31799984E-03   1.0570566566287549E-003
          70   6.89799991E-03   1.1365172617684709E-003
          71   6.50400016E-03   1.0982148214271419E-003
          72   6.14000019E-03   1.0595367050083824E-003
          73   5.80599997E-03   1.0956109472901494E-003
          74   5.48999989E-03   1.0750900415801156E-003
          75   5.20200003E-03   1.1090460273200740E-003
          76   4.93399985E-03   1.1254005044708454E-003
          77   4.67800023E-03   1.1453523892132123E-003
          78   4.43000020E-03   1.1058432085599577E-003
          79   4.19399980E-03   1.0938755805372587E-003
          80   3.96799995E-03   1.0981161047169713E-003
          81   3.76200001E-03   1.1053883241841345E-003
          82   3.57399997E-03   1.1075949676246867E-003
          83   3.39400000E-03   1.1157610337207103E-003
          84   3.21800006E-03   1.0910113741422528E-003
          85   3.04999994E-03   1.0752767120206243E-003
          86   2.89399992E-03   1.1296095408628460E-003
          87   2.73999991E-03   1.1393999795862252E-003
          88   2.58999993E-03   1.0844712942459827E-003
          89   2.43799994E-03   1.1205531442616446E-003
          90   2.29800004E-03   1.1061534855612172E-003
          91   2.16799998E-03   1.1240411776538852E-003
          92   2.04199995E-03   1.1114516700612758E-003
          93   1.91800005E-03   1.0941181074917241E-003
          94   1.80800003E-03   1.1019653574744596E-003
          95   1.70400005E-03   1.1292872366128984E-003
          96   1.59600005E-03   1.1032494245324762E-003
          97   1.48600002E-03   1.1235189179776364E-003
          98   1.38599996E-03   1.1673049516761776E-003
          99   1.28600001E-03   1.1113186122389462E-003
         100   1.20199996E-03   1.1513230432338244E-003
         101   1.12200005E-03   1.1914324414481700E-003
         102   1.04600005E-03   1.1708532801246005E-003
         103   9.80000012E-04   1.1503411447047400E-003
         104   9.23999993E-04   1.1519894691173734E-003
         105   8.74000019E-04   1.1567854190868939E-003
         106   8.31999991E-04   1.1873108102226013E-003
         107   7.93999992E-04   1.1947571407084261E-003
         108   7.63999997E-04   1.1990031845258277E-003
         109   7.31999986E-04   1.2330773648666488E-003
         110   7.12000008E-04   1.1995988101616438E-003
         111   6.90000015E-04   1.1945783807830773E-003
         112   6.69999979E-04   1.1807125509850490E-003
         113   6.47999987E-04   1.1707108926155090E-003
         114   6.30000024E-04   1.1688954013981403E-003
         115   6.09999988E-04   1.2535829245160530E-003
         116   5.76000020E-04   1.1903169358989569E-003
         117   5.36000007E-04   1.1978863168147049E-003
         118   4.95999993E-04   1.2332008328151461E-003
         119   4.56000009E-04   1.1754747660074783E-003
         120   4.27999999E-04   1.2048872122798408E-003
         121   3.87999986E-04   1.2198677667191566E-003
         122   3.39999999E-04   1.1879443129810517E-003
         123   2.88000010E-04   1.2332239631894961E-003
         124   2.41999995E-04   1.2141009551226282E-003
         125   1.97999994E-04   1.2500778986002654E-003
         126   1.59999996E-04   1.2616795173212129E-003
         127   1.30000000E-04   1.2171402390117791E-003
         128   1.10000001E-04   1.2923739508947198E-003
         129   8.39999993E-05   1.2587012758023580E-003
         130   6.19999992E-05   1.2271283542657206E-003
         131   4.99999987E-05   1.2795206963812260E-003
         132   2.99999992E-05   1.2764245239037283E-003
         133  -1.99999999E-06   1.2547984823001184E-003
         134  -2.40000008E-05   1.2998368580185158E-003
         135  -5.19999994E-05   1.3250774901388707E-003
         136  -8.19999987E-05   1.3490454086255051E-003
         137  -1.23999998E-04   1.3206578725432746E-003
         138  -1.59999996E-04   1.2979015466181559E-003
         139  -1.90000006E-04   1.3494253214000915E-003
         140  -2.34000006E-04   1.3163230391587612E-003
         141  -2.77999992E-04   1.3085762043318024E-003
         142  -3.15999991E-04   1.3319683240911430E-003
         143  -3.61999992E-04   1.3193025275404428E-003
         144  -4.02000005E-04   1.2698312231010653E-003
         145  -4.37999988E-04   1.3716008538852723E-003
         146  -4.83999989E-04   1.3984751837626847E-003
         147  -5.30000019E-04   1.3226458376163815E-003
         148  -5.85999980E-04   1.2949304685911961E-003
         149  -6.44000014E-04   1.3392085109618754E-003
         150  -6.91999972E-04   1.3362276536566927E-003
         151  -7.28000014E-04   1.3413353799893702E-003
         152  -7.61999981E-04   1.4119246949168120E-003
         153  -7.91999977E-04   1.3305077428172275E-003
         154  -8.20000016E-04   1.3309035465181884E-003
         155  -8.55999999E-04   1.3636316054361866E-003
         156  -8.85999994E-04   1.3393031915597596E-003
         157  -9.23999993E-04   1.4094159707153271E-003
         158  -9.61999991E-04   1.3455998196046878E-003
         159  -9.96000017E-04   1.3174905944618423E-003
         160  -1.03399996E-03   1.3581169609746470E-003
