           1  0.447692007       7.7491507641086704E-004
           2  0.400730014       7.7714657412578277E-004
           3  0.358698010       7.9310539788509000E-004
           4  0.321061999       8.0538437679396758E-004
           5  0.287371993       7.8245500253780150E-004
           6  0.257214010       8.1877199809915360E-004
           7  0.230210006       7.7035013219056237E-004
           8  0.206034005       7.3282170744711698E-004
           9  0.184379995       7.4990345329762687E-004
          10  0.164992005       6.9441876819475957E-004
          11  0.147643998       7.3982152489514860E-004
          12  0.132098004       7.1402010481188465E-004
          13  0.118161999       6.7499911550119988E-004
          14  0.105690002       7.0565632527672280E-004
          15   9.45160016E-02   6.7154272350587881E-004
          16   8.45080018E-02   6.5491019525288632E-004
          17   7.55459964E-02   6.6816035916501218E-004
          18   6.75100014E-02   6.7546633233129692E-004
          19   6.03299998E-02   6.6016597912819583E-004
          20   5.39180003E-02   6.4344031963870082E-004
          21   4.81799990E-02   6.1497759490268186E-004
          22   4.30639982E-02   6.3210358262674380E-004
          23   3.84979993E-02   6.6524367937190860E-004
          24   3.44120003E-02   6.2385426043854179E-004
          25   3.07679996E-02   6.5524438619105681E-004
          26   2.75260005E-02   6.3082677544626267E-004
          27   2.46380009E-02   6.3874198482731764E-004
          28   2.20699999E-02   6.2087113492713874E-004
          29   1.97839998E-02   6.1797046555916882E-004
          30   1.77560002E-02   6.1580971132993911E-004
          31   1.59220006E-02   6.3993836830693546E-004
          32   1.42799998E-02   6.6681322200166731E-004
          33   1.28119998E-02   6.4767147744605139E-004
          34   1.15219997E-02   6.6740024497866860E-004
          35   1.03639998E-02   6.2497543932574348E-004
          36   9.32999980E-03   6.4699982734940360E-004
          37   8.40600021E-03   6.3909316964727895E-004
          38   7.56399985E-03   6.4990839897174490E-004
          39   6.80600014E-03   6.5003130546031386E-004
          40   6.12200005E-03   6.2197709753655729E-004
          41   5.51600009E-03   6.5060018255658865E-004
          42   4.93999990E-03   6.2432422636684388E-004
          43   4.42600017E-03   6.5317264136731520E-004
          44   3.94000020E-03   6.4067480597578463E-004
          45   3.49400006E-03   6.1724064009535196E-004
          46   3.07000009E-03   6.6251371279598195E-004
          47   2.67200009E-03   6.6195986298176032E-004
          48   2.29400001E-03   6.8692019913039310E-004
          49   1.91999995E-03   6.6239362967972486E-004
          50   1.61399995E-03   6.5901640334820283E-004
          51   1.34199997E-03   6.7216577298966139E-004
          52   1.10999995E-03   6.6110682661442357E-004
          53   9.05999972E-04   6.9034214686808956E-004
          54   7.37999973E-04   6.8155346032921984E-004
          55   6.06000016E-04   6.8871238182006609E-004
          56   4.83999989E-04   6.9322860533643706E-004
          57   3.81999998E-04   6.6249025837394882E-004
          58   2.72000005E-04   6.8573885405645357E-004
          59   2.28000004E-04   7.1489409179535419E-004
          60   2.03999996E-04   7.5050355553594940E-004
          61   1.88000005E-04   7.0416140646411228E-004
          62   1.92000007E-04   7.0613026750286395E-004
          63   1.88000005E-04   7.3674765720533339E-004
          64   1.84000004E-04   7.2994682866583797E-004
          65   1.55999995E-04   7.4686049451303416E-004
          66   1.40000004E-04   7.3447762624761560E-004
          67   1.32000001E-04   7.2926522673658338E-004
          68   1.36000002E-04   7.2201338964376178E-004
          69   1.30000000E-04   7.2174404803670089E-004
          70   1.12000002E-04   7.2881368984674822E-004
          71   7.99999980E-05   7.4288840603837158E-004
          72   3.60000013E-05   7.3903937371764682E-004
          73   7.99999998E-06   7.0536202454205173E-004
          74  -9.99999975E-06   7.9318429273396776E-004
          75  -4.99999987E-05   7.6511300880919078E-004
          76  -9.00000014E-05   7.7381622380355596E-004
          77  -1.19999997E-04   7.7118592631299004E-004
          78  -1.50000007E-04   8.2190614529188688E-004
          79  -1.61999997E-04   8.1469053838921805E-004
          80  -1.82000003E-04   8.2433207964113754E-004
          81  -2.03999996E-04   8.0615532612690003E-004
          82  -2.05999997E-04   8.0621184557559027E-004
          83  -2.05999997E-04   8.1735928753596469E-004
          84  -2.34000006E-04   8.1057759485432459E-004
          85  -2.65999988E-04   8.7360652667453750E-004
          86  -3.06000002E-04   8.0921862246042110E-004
          87  -3.73999996E-04   7.9419173874651164E-004
          88  -4.64000012E-04   8.5009448461935509E-004
          89  -5.46000025E-04   8.2463243952437041E-004
          90  -6.41999999E-04   8.4592252224585478E-004
