           1  0.455709994       9.5360470611256061E-004
           2  0.416094005       9.5464494698629520E-004
           3  0.379909992       1.0006906815444971E-003
           4  0.346872002       9.5408660942410118E-004
           5  0.316698015       9.1530785151345347E-004
           6  0.289135993       9.0468279456678430E-004
           7  0.263974011       9.0852750995075936E-004
           8  0.240989998       9.3331020101505521E-004
           9  0.219999999       9.0805925389949595E-004
          10  0.200841993       8.6167221388853640E-004
          11  0.183338001       8.6530262910338850E-004
          12  0.167349994       8.5485925170908762E-004
          13  0.152750000       8.3863475400088256E-004
          14  0.139418006       8.5212076079720209E-004
          15  0.127263993       7.9706697000253199E-004
          16  0.116162002       7.9386168806056608E-004
          17  0.106030002       8.0165782857672904E-004
          18   9.67700034E-02   7.8106129727290431E-004
          19   8.83240029E-02   7.6680529550926621E-004
          20   8.06000009E-02   7.8128633905477402E-004
          21   7.35519975E-02   7.8732484600922128E-004
          22   6.71320036E-02   7.4393639776439775E-004
          23   6.12620004E-02   7.5845104902524441E-004
          24   5.58760017E-02   7.3104282600155903E-004
          25   5.09440005E-02   7.4747585336136751E-004
          26   4.64479998E-02   7.5880367165350989E-004
          27   4.23440002E-02   7.5775742722924587E-004
          28   3.85879986E-02   7.0675006320792915E-004
          29   3.51639986E-02   7.2935907756653941E-004
          30   3.20280008E-02   7.2094908885998027E-004
          31   2.91639995E-02   7.3458954565438995E-004
          32   2.65319999E-02   7.3734919031163471E-004
          33   2.41359994E-02   7.3009532522741547E-004
          34   2.19400004E-02   7.5026969627265511E-004
          35   1.99379995E-02   7.7883171827753262E-004
          36   1.81019995E-02   7.2651680661524841E-004
          37   1.64139997E-02   7.6289030166654126E-004
          38   1.48900002E-02   7.0817367396859500E-004
          39   1.34979999E-02   7.2372089245857207E-004
          40   1.22119999E-02   7.2724254921694245E-004
          41   1.10259997E-02   7.0809491797450125E-004
          42   9.94999986E-03   7.5292762347047221E-004
          43   8.97600036E-03   7.6416181479945302E-004
          44   8.06600042E-03   7.2388228641750952E-004
          45   7.22600007E-03   7.4457700525283469E-004
          46   6.45399978E-03   7.7044070290507979E-004
          47   5.72799984E-03   7.2291926002843773E-004
          48   5.05199982E-03   7.4457337616105998E-004
          49   4.43399977E-03   7.5301945711911844E-004
          50   3.86800012E-03   7.6186189661489124E-004
          51   3.34000005E-03   7.5235751872377579E-004
          52   2.85200006E-03   7.6324704882414741E-004
          53   2.40599993E-03   7.6161133259698623E-004
          54   2.00000009E-03   7.7044130901470723E-004
          55   1.62200001E-03   7.5226397610386243E-004
          56   1.25400000E-03   7.6195264666460802E-004
          57   9.34000011E-04   7.5537218150200096E-004
          58   6.31999981E-04   7.7674685944136186E-004
          59   3.53999989E-04   7.9077050382048391E-004
          60   1.01999998E-04   7.9937126703044225E-004
          61  -1.23999998E-04   7.7511642176362073E-004
          62  -3.38000013E-04   8.0737642348157864E-004
          63  -5.28000004E-04   7.7905681403878568E-004
          64  -7.01999990E-04   7.8948640854229098E-004
          65  -8.67999974E-04   8.0054819782628985E-004
          66  -1.02199998E-03   7.8962601862900370E-004
          67  -1.14800001E-03   7.8634280304460367E-004
          68  -1.26000005E-03   7.9212545650842120E-004
          69  -1.35999999E-03   8.0764709052534741E-004
          70  -1.44999998E-03   8.2115813042833350E-004
          71  -1.53799995E-03   8.0798470871616755E-004
          72  -1.61200005E-03   8.1060544205780209E-004
          73  -1.65999995E-03   8.4068352847797606E-004
          74  -1.69399998E-03   8.0643761525135216E-004
          75  -1.70999998E-03   8.3053247310172092E-004
          76  -1.71400001E-03   8.2784429037990718E-004
          77  -1.72599999E-03   8.2833863431849614E-004
          78  -1.73400005E-03   8.7072839456205640E-004
          79  -1.74800004E-03   8.5060712494518676E-004
          80  -1.75199995E-03   8.3276301438469356E-004
          81  -1.77400000E-03   8.3311535839277915E-004
          82  -1.79400004E-03   8.6798946535596123E-004
          83  -1.79799995E-03   8.2600112965885921E-004
          84  -1.80400000E-03   8.3100039082501269E-004
          85  -1.81799999E-03   8.4868148982601059E-004
          86  -1.83800003E-03   8.7018556377370176E-004
          87  -1.85200002E-03   9.0199127129833925E-004
          88  -1.85999996E-03   8.7966576444840146E-004
          89  -1.87200005E-03   9.0405117519136403E-004
          90  -1.87000004E-03   8.7070389916570382E-004
          91  -1.85799995E-03   9.2594530716230033E-004
          92  -1.85000000E-03   9.1200026384954014E-004
          93  -1.83199998E-03   9.1758625114566543E-004
          94  -1.82400004E-03   9.0466089435768953E-004
          95  -1.80199998E-03   9.3323936314229021E-004
          96  -1.78399996E-03   9.1102931661604571E-004
          97  -1.77199999E-03   9.3496420770591414E-004
          98  -1.77199999E-03   9.1884437017174779E-004
          99  -1.79600006E-03   9.5742034359586829E-004
         100  -1.80400000E-03   9.7932226925686238E-004
         101  -1.84200006E-03   9.2032658129913942E-004
         102  -1.88200001E-03   9.6078263753488641E-004
         103  -1.94800005E-03   9.1777672783626351E-004
         104  -2.03000009E-03   9.8102559767123624E-004
         105  -2.11800006E-03   9.8395313721731420E-004
         106  -2.22999998E-03   1.0085807536660276E-003
         107  -2.35400000E-03   9.6688599841831917E-004
         108  -2.46799993E-03   9.6928559725840990E-004
         109  -2.59199995E-03   9.5634811847202027E-004
         110  -2.73000007E-03   9.7584212907165125E-004
