           1  0.473307997       1.5202434878208231E-003
           2  0.447771996       1.5152965372005694E-003
           3  0.423610002       1.4832587000373804E-003
           4  0.400748014       1.5458769367401553E-003
           5  0.379115999       1.5014088277553210E-003
           6  0.358648002       1.5051923388903737E-003
           7  0.339278013       1.5104297962442062E-003
           8  0.320950001       1.4938387131590571E-003
           9  0.303608000       1.4217437082937091E-003
          10  0.287203997       1.4503856684809559E-003
          11  0.271685988       1.3847325499822222E-003
          12  0.257001996       1.4460703212791012E-003
          13  0.243113995       1.4044662955429248E-003
          14  0.229975998       1.4451901865545431E-003
          15  0.217541993       1.3452723572847599E-003
          16  0.205786005       1.3439632335879039E-003
          17  0.194665998       1.3822397760610862E-003
          18  0.184149995       1.3659233514711816E-003
          19  0.174208000       1.3446723166217604E-003
          20  0.164803997       1.2834662616058130E-003
          21  0.155911997       1.3130920671087991E-003
          22  0.147504002       1.3380256902380244E-003
          23  0.139551997       1.2735395898977727E-003
          24  0.132029995       1.2853486900635919E-003
          25  0.124920003       1.2799273641282073E-003
          26  0.118206002       1.2809456736366893E-003
          27  0.111860000       1.2227778796333312E-003
          28  0.105860002       1.2571823224765790E-003
          29  0.100192003       1.2319169209443399E-003
          30   9.48320031E-02   1.2457359178454357E-003
          31   8.97620022E-02   1.2111865060771125E-003
          32   8.49699974E-02   1.2267614654470247E-003
          33   8.04359987E-02   1.1962417806251993E-003
          34   7.61440024E-02   1.1890352644594946E-003
          35   7.20760003E-02   1.2446746371245270E-003
          36   6.82319999E-02   1.2169176689017143E-003
          37   6.45899996E-02   1.2106216066893663E-003
          38   6.11319989E-02   1.2142651085014931E-003
          39   5.78659996E-02   1.2131047232955723E-003
          40   5.47799990E-02   1.1982163245527686E-003
          41   5.18600009E-02   1.1426801680343593E-003
          42   4.91000004E-02   1.2122189074967944E-003
          43   4.64939997E-02   1.1837907632552796E-003
          44   4.40320000E-02   1.1563911293825013E-003
          45   4.17000018E-02   1.1526955117683523E-003
          46   3.94859985E-02   1.1624117406481042E-003
          47   3.73920016E-02   1.1232094458872531E-003
          48   3.54139991E-02   1.1923587808353043E-003
          49   3.35340016E-02   1.1956265716446114E-003
          50   3.17660011E-02   1.2058416935914799E-003
          51   3.00999992E-02   1.1781178458651041E-003
          52   2.85279993E-02   1.1608470506859578E-003
          53   2.70380005E-02   1.1761006514938047E-003
          54   2.56319996E-02   1.1738015000253355E-003
          55   2.43079998E-02   1.1445368412163488E-003
          56   2.30599996E-02   1.2019088130482670E-003
          57   2.18940005E-02   1.1515062757200001E-003
          58   2.07860004E-02   1.1813585829812433E-003
          59   1.97459999E-02   1.2046018068128123E-003
          60   1.87700000E-02   1.1751104466613657E-003
          61   1.78479999E-02   1.1609467154775472E-003
          62   1.69719998E-02   1.1860641035715412E-003
          63   1.61460005E-02   1.1731535772030420E-003
          64   1.53740002E-02   1.1897497332920071E-003
          65   1.46420002E-02   1.1797289227559948E-003
          66   1.39499996E-02   1.1464209070271105E-003
          67   1.32919997E-02   1.1784613481299582E-003
          68   1.26700001E-02   1.1670079132900155E-003
          69   1.20839998E-02   1.2069630923502706E-003
          70   1.15320003E-02   1.1749421094166530E-003
          71   1.10099996E-02   1.1513826174181622E-003
          72   1.05219996E-02   1.1726610401162831E-003
          73   1.00619998E-02   1.1849981918696957E-003
          74   9.63199977E-03   1.1628367456361036E-003
          75   9.22199991E-03   1.1517197410783712E-003
          76   8.83200020E-03   1.2150698543331429E-003
          77   8.45799968E-03   1.1565240170181043E-003
          78   8.10599979E-03   1.1691896475605138E-003
          79   7.77400006E-03   1.1399182246013639E-003
          80   7.46600004E-03   1.1849044567464001E-003
          81   7.17800017E-03   1.1814374026213937E-003
          82   6.90799998E-03   1.2005046315785317E-003
          83   6.65199989E-03   1.2489439553089270E-003
          84   6.41199993E-03   1.1977316713058658E-003
          85   6.18200004E-03   1.1881722766248000E-003
          86   5.97599987E-03   1.2074484760974532E-003
          87   5.78999985E-03   1.2310003271044283E-003
          88   5.61999995E-03   1.1831567974086967E-003
          89   5.45400009E-03   1.1671723282881789E-003
          90   5.29799983E-03   1.1821342224789177E-003
          91   5.15000010E-03   1.2347478276910440E-003
          92   5.01399999E-03   1.2596021412639782E-003
          93   4.88599995E-03   1.2268729083606711E-003
          94   4.76599997E-03   1.2064535560917429E-003
          95   4.64800000E-03   1.2436870061827991E-003
          96   4.53400007E-03   1.2617614790296245E-003
          97   4.42600017E-03   1.2722421895036634E-003
          98   4.32199985E-03   1.2377640802235612E-003
          99   4.22400003E-03   1.2136863455133044E-003
         100   4.12799977E-03   1.2763419549976752E-003
         101   4.02599992E-03   1.2312868879943981E-003
         102   3.91199999E-03   1.2607353011756042E-003
         103   3.80000006E-03   1.2368585168392285E-003
         104   3.68400011E-03   1.2823862226476990E-003
         105   3.55800008E-03   1.2717219065930430E-003
         106   3.43600009E-03   1.2730415971073110E-003
         107   3.31200007E-03   1.2765010357765922E-003
         108   3.17799998E-03   1.1890054737105115E-003
         109   3.04000010E-03   1.2700183245954926E-003
         110   2.89399992E-03   1.2669375576261517E-003
         111   2.74599995E-03   1.2674720366328675E-003
         112   2.59799999E-03   1.2868230722900141E-003
         113   2.44399998E-03   1.2864347935022515E-003
         114   2.28999997E-03   1.3146864137447108E-003
         115   2.13199994E-03   1.2875524144024127E-003
         116   1.97200011E-03   1.3035479618163637E-003
         117   1.81199994E-03   1.3219140483196530E-003
         118   1.64799998E-03   1.2901058564015954E-003
         119   1.49000005E-03   1.3202756022801779E-003
         120   1.33000000E-03   1.2865739758301531E-003
         121   1.16600003E-03   1.3219548930983036E-003
         122   1.01999997E-03   1.3819801874779738E-003
         123   8.83999979E-04   1.3829822885464572E-003
         124   7.50000007E-04   1.3681589627093365E-003
         125   6.30000024E-04   1.2999592203237532E-003
         126   5.28000004E-04   1.3889022210117224E-003
         127   4.41999990E-04   1.3568580051040555E-003
         128   3.72000010E-04   1.3911099850207199E-003
         129   3.10000003E-04   1.4004377636817255E-003
         130   2.64000002E-04   1.3746839247338438E-003
         131   2.18000001E-04   1.3536320989162983E-003
         132   1.78000002E-04   1.3875643700461380E-003
         133   1.48000006E-04   1.4099587996005145E-003
         134   1.28000000E-04   1.3970755696113353E-003
         135   1.12000002E-04   1.3552049411590444E-003
         136   9.60000034E-05   1.4251371633833179E-003
         137   8.39999993E-05   1.4501048289336841E-003
         138   7.40000032E-05   1.3708859051696778E-003
         139   5.80000014E-05   1.4608825666159507E-003
         140   3.40000006E-05   1.3915828986815874E-003
         141   1.20000004E-05   1.3992665631000702E-003
         142  -7.99999998E-06   1.3952077380601849E-003
         143  -3.79999983E-05   1.3329441432645105E-003
         144  -7.00000019E-05   1.4213250546288904E-003
         145  -1.08000000E-04   1.4385024019590586E-003
         146  -1.48000006E-04   1.4245728279170600E-003
         147  -1.88000005E-04   1.4663742086684333E-003
         148  -2.34000006E-04   1.4578808686193051E-003
         149  -2.73999991E-04   1.4190169228038613E-003
         150  -3.07999988E-04   1.3955726799705728E-003
         151  -3.27999995E-04   1.4523163857463111E-003
         152  -3.38000013E-04   1.4926304107571796E-003
         153  -3.45999986E-04   1.4471787487643144E-003
         154  -3.49999988E-04   1.4835935862886238E-003
         155  -3.52000003E-04   1.4409248266099507E-003
         156  -3.49999988E-04   1.4968276081359451E-003
         157  -3.44000000E-04   1.4787615549152562E-003
         158  -3.23999993E-04   1.4475798423863929E-003
         159  -3.02000000E-04   1.5656505118581744E-003
         160  -2.77999992E-04   1.5080916535866763E-003
         161  -2.51999998E-04   1.4950976990357693E-003
         162  -2.30000005E-04   1.5272804743584846E-003
         163  -2.01999996E-04   1.4604160598874227E-003
         164  -1.78000002E-04   1.5058715876307307E-003
         165  -1.61999997E-04   1.5481435241628089E-003
         166  -1.42000004E-04   1.4865213729880018E-003
         167  -1.19999997E-04   1.5481341571473219E-003
         168  -9.60000034E-05   1.5645653316111363E-003
         169  -7.79999973E-05   1.5353998898848451E-003
         170  -7.20000025E-05   1.5350047981177893E-003
         171  -7.20000025E-05   1.5374638886623050E-003
         172  -7.99999980E-05   1.5280915437818473E-003
         173  -9.60000034E-05   1.4562712127894554E-003
         174  -1.08000000E-04   1.5642294237808504E-003
         175  -1.28000000E-04   1.5388948999769214E-003
         176  -1.48000006E-04   1.5850865899574172E-003
         177  -1.72000000E-04   1.5075461326579168E-003
         178  -2.05999997E-04   1.5011275788233624E-003
         179  -2.57999985E-04   1.4977655764754189E-003
         180  -3.19999992E-04   1.5265451659864891E-003
