           1  0.470254004       1.4283582033836994E-003
           2  0.443345994       1.3816491779500184E-003
           3  0.417970002       1.4725636410215231E-003
           4  0.394044012       1.4104160791874173E-003
           5  0.371482015       1.4497605643280626E-003
           6  0.350217998       1.4033907027831130E-003
           7  0.330172002       1.4254921928086391E-003
           8  0.311280012       1.3622305885941887E-003
           9  0.293473989       1.4136667977361476E-003
          10  0.276681989       1.4330739927905446E-003
          11  0.260845989       1.3346480867175220E-003
          12  0.245923996       1.3402229988094094E-003
          13  0.231856003       1.3315342487843463E-003
          14  0.218602002       1.3620334627923163E-003
          15  0.206103995       1.3461405554347958E-003
          16  0.194325998       1.2704058291924565E-003
          17  0.183223993       1.3183644107910807E-003
          18  0.172754005       1.2776557544724144E-003
          19  0.162890002       1.2945034363959914E-003
          20  0.153600007       1.2610169330147592E-003
          21  0.144841999       1.2598555142605719E-003
          22  0.136585996       1.3114623343909685E-003
          23  0.128812000       1.1756868199071851E-003
          24  0.121494003       1.2390142937725075E-003
          25  0.114589997       1.2350159539599058E-003
          26  0.108078003       1.2466385476628272E-003
          27  0.101944000       1.2294546294969733E-003
          28   9.61619988E-02   1.2108098079712925E-003
          29   9.07120034E-02   1.1953484209004420E-003
          30   8.55700001E-02   1.1800686746207768E-003
          31   8.07359964E-02   1.2208179500318198E-003
          32   7.61800036E-02   1.1489257348857097E-003
          33   7.18860030E-02   1.1926875643979025E-003
          34   6.78339973E-02   1.1534221648452207E-003
          35   6.40119985E-02   1.1504016055236021E-003
          36   6.04039989E-02   1.1647290475966428E-003
          37   5.69959991E-02   1.1369806481331907E-003
          38   5.37879989E-02   1.1308394571476550E-003
          39   5.07679991E-02   1.1286981007080322E-003
          40   4.79220003E-02   1.1400284503924208E-003
          41   4.52359989E-02   1.1669481613705004E-003
          42   4.27020006E-02   1.1276045510099574E-003
          43   4.03160006E-02   1.1517164872513156E-003
          44   3.80599983E-02   1.0976354872503761E-003
          45   3.59439999E-02   1.1748948890877484E-003
          46   3.39500010E-02   1.0782137418880165E-003
          47   3.20720002E-02   1.0686435786560931E-003
          48   3.02939992E-02   1.1566583680447076E-003
          49   2.86240000E-02   1.1321044578911218E-003
          50   2.70499997E-02   1.1534070883115126E-003
          51   2.55619995E-02   1.1446236429599130E-003
          52   2.41620000E-02   1.1940318192578260E-003
          53   2.28460003E-02   1.1411142412873765E-003
          54   2.16000006E-02   1.1310955556967158E-003
          55   2.04319991E-02   1.1396485581046244E-003
          56   1.93339996E-02   1.1180332945630480E-003
          57   1.83039997E-02   1.1516141204048916E-003
          58   1.73380002E-02   1.1205902578644241E-003
          59   1.64299998E-02   1.1164127196464006E-003
          60   1.55779999E-02   1.1602945097238071E-003
          61   1.47759998E-02   1.1345677603558418E-003
          62   1.40260002E-02   1.1512834325776065E-003
          63   1.33180004E-02   1.1484020136789202E-003
          64   1.26520004E-02   1.1425794167210534E-003
          65   1.20219998E-02   1.1666037087637259E-003
          66   1.14320004E-02   1.2279582099010058E-003
          67   1.08759999E-02   1.1494102451472428E-003
          68   1.03460001E-02   1.1361611536504941E-003
          69   9.84600000E-03   1.1658381947788974E-003
          70   9.37400013E-03   1.2013188597424006E-003
          71   8.92999955E-03   1.1350339266381899E-003
          72   8.52200016E-03   1.1294501504227213E-003
          73   8.13800003E-03   1.1903548176552005E-003
          74   7.78200012E-03   1.1742924885172030E-003
          75   7.44399987E-03   1.1565323343564649E-003
          76   7.13399984E-03   1.1896568849758462E-003
          77   6.85000001E-03   1.1644568930952710E-003
          78   6.59399992E-03   1.1720107047322383E-003
          79   6.35599997E-03   1.1879563272749888E-003
          80   6.13600016E-03   1.1559613281979337E-003
          81   5.92799997E-03   1.1580687472794885E-003
          82   5.73799992E-03   1.1337670945311756E-003
          83   5.56800002E-03   1.1546572505848685E-003
          84   5.40800020E-03   1.2184299742741703E-003
          85   5.25799999E-03   1.1797296928046188E-003
          86   5.12399990E-03   1.2098356383612938E-003
          87   4.98400023E-03   1.1472404763755691E-003
          88   4.85000014E-03   1.2127941396271520E-003
          89   4.72000008E-03   1.1836943814413684E-003
          90   4.59600007E-03   1.2132173364228112E-003
          91   4.48800018E-03   1.1724891622839906E-003
          92   4.38599987E-03   1.1907102552702257E-003
          93   4.28800005E-03   1.1931566197356481E-003
          94   4.19799984E-03   1.2671991161045274E-003
          95   4.11400013E-03   1.1673853514348360E-003
          96   4.04200004E-03   1.1783318146965350E-003
          97   3.96999996E-03   1.2117704728480548E-003
          98   3.89800011E-03   1.2275588586527857E-003
          99   3.83200007E-03   1.2444258769029159E-003
         100   3.76600004E-03   1.2148573552160412E-003
         101   3.70600005E-03   1.1800186068557782E-003
         102   3.65000009E-03   1.2479280715046934E-003
         103   3.59999994E-03   1.2487552685506674E-003
         104   3.55400005E-03   1.2231222698544392E-003
         105   3.51800001E-03   1.2501666133721723E-003
         106   3.48800002E-03   1.2353039454397984E-003
         107   3.46600008E-03   1.2427827312585747E-003
         108   3.43400007E-03   1.2813396666434501E-003
         109   3.39400000E-03   1.1843620334083659E-003
         110   3.36199999E-03   1.2349312896752260E-003
         111   3.32999998E-03   1.2398287149497102E-003
         112   3.29399994E-03   1.2403562155585543E-003
         113   3.25600011E-03   1.2528872119030056E-003
         114   3.21600004E-03   1.1995936340138879E-003
         115   3.18000000E-03   1.2010170072822774E-003
         116   3.13599990E-03   1.2345245695792341E-003
         117   3.09200003E-03   1.2761735468817302E-003
         118   3.04200011E-03   1.2313090024826680E-003
         119   2.96800002E-03   1.2907900894638194E-003
         120   2.88600009E-03   1.2316647458357178E-003
         121   2.79999990E-03   1.2511185173889317E-003
         122   2.70799990E-03   1.2892981880272395E-003
         123   2.61200010E-03   1.2498096084596951E-003
         124   2.51400005E-03   1.3019401136641631E-003
         125   2.41600000E-03   1.3199941253833765E-003
         126   2.31999997E-03   1.3337281429068447E-003
         127   2.21600011E-03   1.3022330586609009E-003
         128   2.11600005E-03   1.3251374444210521E-003
         129   2.00999994E-03   1.3258452876448855E-003
         130   1.90999999E-03   1.3404609079364800E-003
         131   1.82200002E-03   1.3038363237253784E-003
         132   1.72599999E-03   1.2875995800242926E-003
         133   1.62999996E-03   1.2776671035437295E-003
         134   1.53200002E-03   1.3440951897163093E-003
         135   1.44599995E-03   1.3007742509385340E-003
         136   1.36400003E-03   1.3989856896360990E-003
         137   1.28800003E-03   1.3498683429732817E-003
         138   1.21200003E-03   1.3103408590862922E-003
         139   1.13400002E-03   1.3868825277869069E-003
         140   1.06799998E-03   1.3712297627489986E-003
         141   1.00799999E-03   1.3600911961866786E-003
         142   9.64000006E-04   1.3935765094154886E-003
         143   9.18000005E-04   1.3997230417131059E-003
         144   8.82000022E-04   1.3161469618734726E-003
         145   8.59999971E-04   1.3872343639512875E-003
         146   8.36000021E-04   1.4204378111336096E-003
         147   8.26000003E-04   1.4022283282634088E-003
         148   8.26000003E-04   1.3691247966990372E-003
         149   8.36000021E-04   1.3741952797600406E-003
         150   8.45999981E-04   1.4079311487681621E-003
         151   8.58000014E-04   1.3608294396813792E-003
         152   8.83999979E-04   1.3923569502217474E-003
         153   9.12000018E-04   1.4833265395799134E-003
         154   9.39999998E-04   1.4318433042768161E-003
         155   9.74000024E-04   1.4563772935456973E-003
         156   1.00799999E-03   1.4283689094502158E-003
         157   1.04799995E-03   1.4957827264326185E-003
         158   1.09599996E-03   1.5142530040611773E-003
         159   1.14600000E-03   1.4213246324346477E-003
         160   1.19600003E-03   1.4835748060932122E-003
         161   1.23599998E-03   1.4642790331435909E-003
         162   1.28400000E-03   1.4713002828049162E-003
         163   1.33000000E-03   1.5265518152865073E-003
         164   1.35599996E-03   1.4488660028282019E-003
         165   1.38000003E-03   1.5158723992894582E-003
         166   1.41000003E-03   1.5286033966814723E-003
         167   1.42999995E-03   1.5232275498845279E-003
         168   1.44599995E-03   1.4956971132554114E-003
         169   1.46399997E-03   1.4673836137159770E-003
         170   1.49000005E-03   1.4237516395243783E-003
