           1  0.171033993       2.0085373849226462E-004
           2   6.55980036E-02   1.8315974011892617E-004
           3   2.54139993E-02   1.7426606094198693E-004
           4   9.72000044E-03   1.7863805643838145E-004
           5   3.53999995E-03   1.8464500961714149E-004
           6   1.19600003E-03   1.9302782008466694E-004
           7   2.55999999E-04   1.9898595466049645E-004
           8  -6.00000021E-06   2.1227631044739363E-004
           9  -2.64000002E-04   2.3027222001952911E-004
          10   3.60000013E-05   2.4200571320780596E-004
