           1  0.386952013       3.9102950912199460E-004
           2  0.301629990       3.7320591402244951E-004
           3  0.235085994       3.4875844561693919E-004
           4  0.183272004       3.2631933712041014E-004
           5  0.142925993       3.3434711210956678E-004
           6  0.111442000       3.3031183343423148E-004
           7   8.69299993E-02   3.1353306929246235E-004
           8   6.78019971E-02   3.1103184416133851E-004
           9   5.29219992E-02   3.0870809654574111E-004
          10   4.13380004E-02   3.1182990718105192E-004
          11   3.23680006E-02   3.0418864125640149E-004
          12   2.53619999E-02   2.9194081965400003E-004
          13   1.99280009E-02   2.9961906393746914E-004
          14   1.56580005E-02   2.9825383346455584E-004
          15   1.22999996E-02   2.9277469185652328E-004
          16   9.70000029E-03   2.9823653288160842E-004
          17   7.67999981E-03   2.9640650373817014E-004
          18   6.07800018E-03   2.9608243611659480E-004
          19   4.79800021E-03   2.9693506625255934E-004
          20   3.74999992E-03   2.8911482637126784E-004
          21   2.95399991E-03   3.0250896547972893E-004
          22   2.34799995E-03   3.0278599269338260E-004
          23   1.86399999E-03   3.1185719157625049E-004
          24   1.52799999E-03   3.1810505707464856E-004
          25   1.33200001E-03   3.2380369586951441E-004
          26   1.13999995E-03   3.1003338712198657E-004
          27   9.87999956E-04   3.3178902030546893E-004
          28   9.10000002E-04   3.3522696085466839E-004
          29   8.06000025E-04   3.3977622981626115E-004
          30   7.28000014E-04   3.5273445968934583E-004
          31   6.36000012E-04   3.4979216523893454E-004
          32   5.09999983E-04   3.5302431795359614E-004
          33   3.80000012E-04   3.6606947793794335E-004
          34   3.31999996E-04   3.5804362964592730E-004
          35   3.00000014E-04   3.7645414616360474E-004
          36   2.81999994E-04   3.9357034245686006E-004
          37   3.15999991E-04   3.7676753225923725E-004
          38   2.92000012E-04   3.7364642298876467E-004
          39   2.20000002E-04   3.9060561885134856E-004
          40   1.67999999E-04   3.8274849384179632E-004
