           1  0.441482008       7.6007350300523187E-004
           2  0.389806002       7.2682998022601539E-004
           3  0.344206005       7.4503128722879517E-004
           4  0.303961992       6.9296234091857688E-004
           5  0.268431991       7.2875435633525272E-004
           6  0.237084001       6.7497202569183877E-004
           7  0.209398001       6.7215579261333859E-004
           8  0.184934005       6.6667738165643471E-004
           9  0.163343996       6.6069975758845025E-004
          10  0.144291997       6.6673058838837419E-004
          11  0.127453998       6.1442815462550780E-004
          12  0.112567998       6.1371857803627701E-004
          13   9.93940011E-02   6.1976339146068489E-004
          14   8.77479985E-02   5.9949675616564099E-004
          15   7.74660036E-02   6.0925886358897626E-004
          16   6.83759972E-02   5.9817442708544701E-004
          17   6.03439994E-02   5.6778246282020725E-004
          18   5.32520004E-02   5.9994694633272244E-004
          19   4.70039994E-02   5.7089938368632613E-004
          20   4.14800011E-02   5.6851027109238242E-004
          21   3.65939997E-02   5.5501975190696911E-004
          22   3.22719999E-02   5.7562255935603255E-004
          23   2.84260008E-02   5.8893183783397158E-004
          24   2.50259992E-02   5.5837578524623171E-004
          25   2.20219996E-02   5.8941582775506060E-004
          26   1.93559993E-02   5.7483501105712927E-004
          27   1.69760007E-02   5.6720971311602147E-004
          28   1.48679996E-02   6.0423112848547703E-004
          29   1.30019998E-02   5.7476719419923353E-004
          30   1.13359997E-02   5.6706349170300809E-004
          31   9.85800009E-03   5.9092074789520029E-004
          32   8.54600035E-03   6.0871037352663371E-004
          33   7.38399988E-03   5.7528628240469668E-004
          34   6.35199994E-03   5.7950709065912305E-004
          35   5.46000013E-03   5.7273078293455315E-004
          36   4.66800015E-03   5.6726884427602084E-004
          37   3.96999996E-03   5.8988205552805526E-004
          38   3.36400000E-03   5.9815281584521594E-004
          39   2.81199999E-03   5.8126481926308181E-004
          40   2.34999997E-03   6.0907640281077037E-004
          41   1.91800005E-03   5.7684241878479118E-004
          42   1.53600005E-03   5.8713091654182675E-004
          43   1.20199996E-03   5.8192699291918456E-004
          44   8.93999997E-04   5.7547495607110540E-004
          45   6.36000012E-04   6.1798280165413521E-004
          46   4.14000009E-04   5.8716878785282129E-004
          47   2.09999998E-04   6.0920806526419951E-004
          48   2.40000008E-05   5.8909689629547989E-004
          49  -1.19999997E-04   5.9916617956779503E-004
          50  -2.60000001E-04   5.8547840387312251E-004
          51  -3.57999990E-04   6.1978834019757402E-004
          52  -4.27999999E-04   6.2638506105575900E-004
          53  -5.09999983E-04   6.3978318787916968E-004
          54  -5.69999975E-04   6.0774114154617156E-004
          55  -6.30000024E-04   6.5499785679750517E-004
          56  -6.88000000E-04   6.4596310372214063E-004
          57  -7.44000019E-04   6.2217854029569418E-004
          58  -8.12000013E-04   6.4386336852256993E-004
          59  -9.12000018E-04   6.2535879350150876E-004
          60  -9.86000057E-04   6.7264050621606880E-004
          61  -1.06399995E-03   6.5463841837018249E-004
          62  -1.12000003E-03   6.6156412829623367E-004
          63  -1.18400005E-03   6.4892075584665728E-004
          64  -1.23199995E-03   6.6282599709475455E-004
          65  -1.27999997E-03   6.7598117248773328E-004
          66  -1.33600004E-03   6.5455620912052953E-004
          67  -1.41000003E-03   6.8608788985395424E-004
          68  -1.49199995E-03   6.7917964233226802E-004
          69  -1.55599997E-03   7.1990898317343818E-004
          70  -1.62999996E-03   7.1160713045147737E-004
          71  -1.71600003E-03   6.8932848043734346E-004
          72  -1.79799995E-03   7.6334791420837312E-004
          73  -1.83800003E-03   7.2447441704411367E-004
          74  -1.85600005E-03   7.2323371512639494E-004
          75  -1.85000000E-03   7.4534745750935087E-004
          76  -1.81799999E-03   7.2350236450134122E-004
          77  -1.79200002E-03   7.1943516245188391E-004
          78  -1.76599994E-03   7.4717276331360584E-004
          79  -1.72399997E-03   7.4724798806441515E-004
          80  -1.65999995E-03   7.4436651244235482E-004
