           1  0.472584009       1.6429381020306932E-003
           2  0.449396014       1.7732509440858643E-003
           3  0.427341998       1.6757211833303412E-003
           4  0.406356007       1.6808312950932064E-003
           5  0.386395991       1.6553802906948613E-003
           6  0.367406011       1.7163736568202178E-003
           7  0.349341989       1.6342490964739559E-003
           8  0.332161993       1.6265112142217365E-003
           9  0.315813988       1.5910760399426111E-003
          10  0.300262004       1.6247499579200423E-003
          11  0.285470009       1.6455239117272526E-003
          12  0.271389991       1.6378012042518339E-003
          13  0.257995993       1.6170275824327679E-003
          14  0.245261997       1.5898909775322301E-003
          15  0.233153999       1.6548982817843143E-003
          16  0.221640006       1.5099594381911242E-003
          17  0.210685998       1.5696843778586300E-003
          18  0.200274006       1.5410904987462595E-003
          19  0.190367997       1.4744686335763266E-003
          20  0.180946007       1.4733846951320846E-003
          21  0.171994001       1.4664791540394198E-003
          22  0.163478002       1.4376825922937924E-003
          23  0.155386001       1.4340988346540876E-003
          24  0.147689998       1.4081064533150672E-003
          25  0.140379995       1.4770071975468129E-003
          26  0.133425996       1.4707181901725825E-003
          27  0.126811996       1.4075725004410026E-003
          28  0.120520003       1.4194350063632571E-003
          29  0.114533998       1.4221341966230473E-003
          30  0.108842000       1.4351544626317017E-003
          31  0.103430003       1.3521639478524970E-003
          32   9.82899964E-02   1.3893778056465497E-003
          33   9.34019983E-02   1.4040785027017969E-003
          34   8.87579992E-02   1.3694867484185826E-003
          35   8.43439996E-02   1.3787719981052432E-003
          36   8.01479965E-02   1.3344403585594201E-003
          37   7.61659965E-02   1.3968961177305535E-003
          38   7.23859966E-02   1.3046573728735338E-003
          39   6.87939972E-02   1.2925107182662761E-003
          40   6.53799996E-02   1.3059965087232313E-003
          41   6.21419996E-02   1.2734191046620325E-003
          42   5.90660013E-02   1.2898877191933038E-003
          43   5.61520010E-02   1.2581490243162910E-003
          44   5.33839986E-02   1.3067773492563420E-003
          45   5.07539995E-02   1.2258976381458607E-003
          46   4.82579991E-02   1.3640745350264308E-003
          47   4.58839983E-02   1.3318988874552839E-003
          48   4.36219983E-02   1.3304423911633808E-003
          49   4.14679982E-02   1.2920749206236470E-003
          50   3.94160002E-02   1.3229179377026417E-003
          51   3.74599993E-02   1.2391518703562168E-003
          52   3.56060006E-02   1.2720883894675658E-003
          53   3.38479988E-02   1.3472606777216285E-003
          54   3.21739987E-02   1.2561111169548497E-003
          55   3.05760000E-02   1.2905480335404192E-003
          56   2.90500000E-02   1.2296743011981936E-003
          57   2.75999997E-02   1.2205379435009460E-003
          58   2.62199994E-02   1.2698596368710140E-003
          59   2.49080006E-02   1.2506105967255675E-003
          60   2.36660000E-02   1.2595511203147057E-003
          61   2.24840008E-02   1.2275694271009394E-003
          62   2.13500001E-02   1.2731497742996284E-003
          63   2.02680007E-02   1.2603529579743946E-003
          64   1.92399994E-02   1.2267235497123105E-003
          65   1.82600003E-02   1.2468324869139465E-003
          66   1.73279997E-02   1.2470237751414654E-003
          67   1.64320003E-02   1.2808006183241422E-003
          68   1.55739998E-02   1.2522884118855362E-003
          69   1.47599997E-02   1.2636198765668279E-003
          70   1.39840003E-02   1.2315423855985132E-003
          71   1.32379998E-02   1.2423002489286383E-003
          72   1.25240004E-02   1.2044043221291119E-003
          73   1.18439998E-02   1.2343092779974378E-003
          74   1.11940000E-02   1.2582064414107905E-003
          75   1.05699999E-02   1.2352668065327059E-003
          76   9.97000001E-03   1.1978866794109448E-003
          77   9.39199980E-03   1.2349139762627068E-003
          78   8.84199981E-03   1.2425786440762453E-003
          79   8.31599999E-03   1.2181921720821275E-003
          80   7.80799985E-03   1.1891227023663516E-003
          81   7.32999993E-03   1.2405942968791665E-003
          82   6.87400019E-03   1.2755567149364490E-003
          83   6.43400010E-03   1.1240935295060940E-003
          84   6.00800011E-03   1.2250292013189028E-003
          85   5.60999988E-03   1.1931606656567437E-003
          86   5.23599982E-03   1.2482289643917295E-003
          87   4.88399994E-03   1.2228330205543644E-003
          88   4.54400014E-03   1.2438590771310322E-003
          89   4.23400011E-03   1.2200068639320585E-003
          90   3.94200021E-03   1.1863081860179101E-003
          91   3.66599998E-03   1.1852493478665287E-003
          92   3.40800011E-03   1.2395886969721742E-003
          93   3.16400011E-03   1.2351111690419375E-003
          94   2.93199997E-03   1.2543997525631370E-003
          95   2.70999991E-03   1.2223179129292607E-003
          96   2.50399997E-03   1.2772613491572311E-003
          97   2.30600010E-03   1.3056597579001398E-003
          98   2.11800006E-03   1.2335864038138687E-003
          99   1.93999999E-03   1.2458033815563254E-003
         100   1.76799996E-03   1.2574132240105876E-003
         101   1.60199997E-03   1.2166100947242427E-003
         102   1.44400005E-03   1.2717202388234084E-003
         103   1.29799999E-03   1.2584531137721504E-003
         104   1.15599995E-03   1.2710716789572319E-003
         105   1.01400004E-03   1.2628489938492453E-003
         106   8.77999992E-04   1.2586805365956883E-003
         107   7.50000007E-04   1.2108638475681536E-003
         108   6.33999996E-04   1.2692640844462184E-003
         109   5.30000019E-04   1.2566148440992084E-003
         110   4.37999988E-04   1.2678247856241416E-003
         111   3.48000001E-04   1.2737049515292550E-003
         112   2.72000005E-04   1.2405809404899841E-003
         113   1.95999994E-04   1.3025564133141443E-003
         114   1.16000003E-04   1.2934836677513323E-003
         115   3.60000013E-05   1.2846307916804037E-003
         116  -4.40000003E-05   1.2701017979642256E-003
         117  -1.28000000E-04   1.2718458672346465E-003
         118  -2.07999998E-04   1.2861939941357394E-003
         119  -2.84000009E-04   1.2899152864769305E-003
         120  -3.57999990E-04   1.3089541121627656E-003
         121  -4.32000001E-04   1.3069258879584969E-003
         122  -4.98000009E-04   1.3594093459749603E-003
         123  -5.68000018E-04   1.3001397257554807E-003
         124  -6.36000012E-04   1.3174261929238451E-003
         125  -7.07999978E-04   1.3546496443555800E-003
         126  -7.80000002E-04   1.3234687206678971E-003
         127  -8.42000009E-04   1.3092587368977112E-003
         128  -8.93999997E-04   1.2819049668603237E-003
         129  -9.39999998E-04   1.3437833906550245E-003
         130  -9.86000057E-04   1.3810109318830234E-003
         131  -1.03799999E-03   1.4079842774524030E-003
         132  -1.08800002E-03   1.3772520368580863E-003
         133  -1.13800005E-03   1.3332819918106039E-003
         134  -1.19200000E-03   1.4048585742181597E-003
         135  -1.24799996E-03   1.3857028313260639E-003
         136  -1.32200005E-03   1.4050399470876762E-003
         137  -1.40199997E-03   1.3379278747318671E-003
         138  -1.48199999E-03   1.3597068648196872E-003
         139  -1.56799995E-03   1.3775710376708647E-003
         140  -1.65999995E-03   1.3900473661518937E-003
         141  -1.75800000E-03   1.4343080350782641E-003
         142  -1.85400003E-03   1.4528084178769326E-003
         143  -1.95199996E-03   1.3397063821039804E-003
         144  -2.05000001E-03   1.4159216492636835E-003
         145  -2.14200001E-03   1.4787977672545375E-003
         146  -2.22599995E-03   1.4558206722346916E-003
         147  -2.30600010E-03   1.4203866375584867E-003
         148  -2.37999996E-03   1.3974823968104229E-003
         149  -2.45400006E-03   1.4588741363989596E-003
         150  -2.52399989E-03   1.4435068080204416E-003
         151  -2.59199995E-03   1.4524921495784890E-003
         152  -2.66000000E-03   1.4902764592877396E-003
         153  -2.72200000E-03   1.4591647594663620E-003
         154  -2.79000006E-03   1.4842382317294793E-003
         155  -2.85200006E-03   1.4541320315087740E-003
         156  -2.91200005E-03   1.5344569512681931E-003
         157  -2.96399998E-03   1.5641071488394973E-003
         158  -3.01000010E-03   1.5016712081437468E-003
         159  -3.05599999E-03   1.5306527531687136E-003
         160  -3.09600006E-03   1.5261625516578647E-003
         161  -3.13000008E-03   1.5651111789509100E-003
         162  -3.16599989E-03   1.5277911934952514E-003
         163  -3.20599996E-03   1.5720544934538668E-003
         164  -3.24400002E-03   1.4779356352890966E-003
         165  -3.29199992E-03   1.5525945548843828E-003
         166  -3.34200007E-03   1.6112243454681884E-003
         167  -3.39800003E-03   1.5523400989267450E-003
         168  -3.44999996E-03   1.5234258494610028E-003
         169  -3.50999995E-03   1.5980942238494526E-003
         170  -3.57199996E-03   1.5577811850482151E-003
         171  -3.63399996E-03   1.5581123762193544E-003
         172  -3.68799991E-03   1.5822853561519928E-003
         173  -3.74400010E-03   1.5887467893850003E-003
         174  -3.79400002E-03   1.5803799235063387E-003
         175  -3.83400009E-03   1.5984603921800336E-003
         176  -3.86800012E-03   1.6690358768081197E-003
         177  -3.89000005E-03   1.6013248637229982E-003
         178  -3.89800011E-03   1.6239700200382354E-003
         179  -3.89800011E-03   1.6605236348046506E-003
         180  -3.88800004E-03   1.6601786946402427E-003
         181  -3.86800012E-03   1.5758394043353826E-003
         182  -3.84199992E-03   1.6437400898495060E-003
         183  -3.81599995E-03   1.6247816368322671E-003
         184  -3.77600011E-03   1.6165147312564548E-003
         185  -3.73400003E-03   1.7164511908141702E-003
         186  -3.68799991E-03   1.6093775509056808E-003
         187  -3.63399996E-03   1.5640380314884059E-003
         188  -3.57599999E-03   1.6954109089622527E-003
         189  -3.51399998E-03   1.6739748538140691E-003
         190  -3.44599993E-03   1.6252515077249308E-003
         191  -3.37000005E-03   1.6371311254604810E-003
         192  -3.28999991E-03   1.6964514451436648E-003
         193  -3.20799998E-03   1.6062951875460841E-003
         194  -3.12400004E-03   1.6875285960595121E-003
         195  -3.04399990E-03   1.6281411731883834E-003
         196  -2.96800002E-03   1.6433887443063208E-003
         197  -2.89599993E-03   1.6481455850024275E-003
         198  -2.81600002E-03   1.5949909439350661E-003
         199  -2.73600011E-03   1.5701165911199803E-003
         200  -2.66600004E-03   1.6398579317808964E-003
