           1  0.354187995       3.1143735583213298E-004
           2  0.254245996       2.8529559777738182E-004
           3  0.182559997       2.8094906725091708E-004
           4  0.131057993       2.5875326987438951E-004
           5   9.40539986E-02   2.5126304526869672E-004
           6   6.75159991E-02   2.5404238299362234E-004
           7   4.85079996E-02   2.3643332793108740E-004
           8   3.47919986E-02   2.3216618805434912E-004
           9   2.49620005E-02   2.4619411876727372E-004
          10   1.78120006E-02   2.4628493179900117E-004
          11   1.27280001E-02   2.3882714109931509E-004
          12   9.08599980E-03   2.5374600800899246E-004
          13   6.39999984E-03   2.5064310153977858E-004
          14   4.53800010E-03   2.4171841605382342E-004
          15   3.33400001E-03   2.4500836311647304E-004
          16   2.48800009E-03   2.6348691966689852E-004
          17   1.92199997E-03   2.5365162795813702E-004
          18   1.42400002E-03   2.6714768191449283E-004
          19   1.11399998E-03   2.5718978809034315E-004
          20   8.80000007E-04   2.5561208037315871E-004
          21   7.68000027E-04   2.7089471653054858E-004
          22   6.85999985E-04   2.6883656853696946E-004
          23   5.79999993E-04   2.6729003537807899E-004
          24   4.75999987E-04   2.7737376048753609E-004
          25   4.44000005E-04   2.8655047148734515E-004
          26   4.74000000E-04   3.0276667358069062E-004
          27   4.36000002E-04   3.0469070366748906E-004
          28   3.27999995E-04   3.1608909577480055E-004
          29   2.96000013E-04   3.0569828070914427E-004
          30   3.84000014E-04   3.1774530005251260E-004
