           1  0.452333987       8.9462816905503978E-004
           2  0.409330010       8.7315225728644820E-004
           3  0.370425999       9.0337167266544031E-004
           4  0.335225999       8.3187957146850619E-004
           5  0.303362012       8.8169918635628739E-004
           6  0.274518013       8.5460103486898593E-004
           7  0.248405993       8.7375982904732417E-004
           8  0.224782005       8.1027497908102940E-004
           9  0.203418002       8.1902747837229192E-004
          10  0.184090003       7.9873401478178100E-004
          11  0.166592002       7.6540870151908932E-004
          12  0.150772005       7.6756203906038509E-004
          13  0.136444002       7.6502180212959046E-004
          14  0.123488002       7.5544300950226623E-004
          15  0.111763999       7.5683591406515741E-004
          16  0.101149999       7.4631075276164222E-004
          17   9.15440023E-02   7.1727428687641830E-004
          18   8.28460008E-02   7.0777628784710164E-004
          19   7.49699995E-02   7.0222745103314891E-004
          20   6.78500012E-02   7.1624205941034824E-004
          21   6.13900013E-02   7.2255883579611991E-004
          22   5.55480011E-02   6.8472072399478881E-004
          23   5.02539985E-02   7.1871676428779863E-004
          24   4.54659984E-02   7.0021226445582169E-004
          25   4.11400013E-02   6.9154646398403351E-004
          26   3.72200012E-02   6.7074597838110784E-004
          27   3.36680003E-02   6.8345763227239053E-004
          28   3.04540005E-02   6.6436990934719135E-004
          29   2.75539998E-02   6.8331261717987117E-004
          30   2.49320008E-02   6.8124027553934736E-004
          31   2.25540008E-02   6.8635153230300850E-004
          32   2.03859992E-02   6.9510636787962945E-004
          33   1.84359998E-02   6.8277404442492471E-004
          34   1.66539997E-02   6.8637354085173817E-004
          35   1.50279999E-02   6.7928261398655498E-004
          36   1.35660004E-02   6.6728622242868583E-004
          37   1.22499997E-02   6.7810650737958511E-004
          38   1.10539999E-02   6.5697019779831006E-004
          39   9.97199956E-03   6.9716403122754129E-004
          40   9.00399964E-03   6.7731603486231970E-004
          41   8.12599994E-03   6.6175808222215717E-004
          42   7.32999993E-03   6.8648389892656209E-004
          43   6.61200006E-03   6.8125887608994041E-004
          44   5.94800012E-03   7.1202806100696865E-004
          45   5.34800021E-03   7.0580811455864517E-004
          46   4.79600020E-03   7.0816110624056031E-004
          47   4.29000007E-03   7.2889980727567413E-004
          48   3.82200000E-03   7.0176593277180741E-004
          49   3.38599994E-03   6.9118995992015653E-004
          50   2.95999995E-03   7.3251988252146330E-004
          51   2.57400004E-03   6.9011933197060996E-004
          52   2.21200008E-03   7.2571232100373325E-004
          53   1.86600001E-03   7.1768307924335883E-004
          54   1.54199998E-03   6.9056797221950347E-004
          55   1.23599998E-03   7.3130066539387948E-004
          56   9.45999986E-04   7.2433187459264086E-004
          57   6.77999982E-04   7.4563330700549621E-004
          58   4.29999985E-04   7.2051702407215567E-004
          59   1.86000005E-04   7.2677233283320792E-004
          60  -3.79999983E-05   7.4265156741727797E-004
          61  -2.39999994E-04   7.4596232707563846E-004
          62  -4.06000006E-04   7.3849901784250069E-004
          63  -5.71999990E-04   7.2377317597011016E-004
          64  -7.42000004E-04   7.5577971373627997E-004
          65  -8.83999979E-04   7.7016936562093112E-004
          66  -1.00799999E-03   7.5441495798562628E-004
          67  -1.13800005E-03   7.5252726782040194E-004
          68  -1.27200002E-03   7.5874509499617956E-004
          69  -1.39400002E-03   7.6693030204426317E-004
          70  -1.50799996E-03   7.7759360117767452E-004
          71  -1.60800002E-03   7.3473228077619124E-004
          72  -1.71800004E-03   7.8412667210359815E-004
          73  -1.81399996E-03   7.7358364214330023E-004
          74  -1.90000003E-03   7.9384828855740149E-004
          75  -1.96600007E-03   7.8355973089946549E-004
          76  -2.01399997E-03   7.8983488277068110E-004
          77  -2.07599998E-03   8.2217937211083393E-004
          78  -2.13799998E-03   8.1998518066747443E-004
          79  -2.18400010E-03   8.2630179903872992E-004
          80  -2.22599995E-03   8.2897494329361857E-004
          81  -2.25999998E-03   8.4246681698843214E-004
          82  -2.29600002E-03   8.1088830733929535E-004
          83  -2.31999997E-03   8.4899406733820830E-004
          84  -2.33999989E-03   8.4272471645691278E-004
          85  -2.33800011E-03   8.5816439662248780E-004
          86  -2.34199991E-03   8.4878104196889012E-004
          87  -2.33400008E-03   8.8885245268727729E-004
          88  -2.32800003E-03   8.6096795177217640E-004
          89  -2.29600002E-03   9.1556838276413578E-004
          90  -2.24999990E-03   8.7767222544762500E-004
          91  -2.22199992E-03   8.5801705939343720E-004
          92  -2.16199993E-03   9.1424961117475838E-004
          93  -2.09999993E-03   9.2627513931354849E-004
          94  -2.04199995E-03   8.9444721812281824E-004
          95  -1.98599999E-03   9.2553740884740280E-004
          96  -1.93200004E-03   8.7659167329866663E-004
          97  -1.87399995E-03   8.6980101952148839E-004
          98  -1.82400004E-03   9.2652001864822133E-004
          99  -1.75199995E-03   9.0278653289686882E-004
         100  -1.65999995E-03   8.9489000368570015E-004
