           1  0.407344013       4.8520126598785234E-004
           2  0.333627999       4.7919663555691573E-004
           3  0.273274004       4.6157924662789133E-004
           4  0.223820001       4.3543536963667768E-004
           5  0.183282003       4.2965148679328637E-004
           6  0.150092006       4.2845129903690114E-004
           7  0.122924000       4.1329664975605469E-004
           8  0.100644000       3.8527626796909021E-004
           9   8.24159980E-02   3.8912465265201801E-004
          10   6.75040036E-02   3.7312645593389751E-004
          11   5.53079993E-02   3.8862413337830613E-004
          12   4.53139991E-02   3.8738764962833544E-004
          13   3.70960012E-02   3.7882337300888406E-004
          14   3.03680003E-02   3.7173844421649837E-004
          15   2.48780008E-02   3.6545088745287379E-004
          16   2.03040000E-02   3.6087502216006543E-004
          17   1.65640004E-02   3.6306741546605269E-004
          18   1.35260001E-02   3.7935366144884971E-004
          19   1.11079998E-02   3.6001750085552786E-004
          20   9.14200023E-03   3.6678576223862558E-004
          21   7.56799988E-03   3.6125096159089916E-004
          22   6.24000002E-03   3.6164710327662536E-004
          23   5.15600014E-03   3.7674545764314549E-004
          24   4.29000007E-03   3.8602581544556141E-004
          25   3.57800000E-03   3.7479158607733404E-004
          26   2.97400006E-03   3.8916762739588735E-004
          27   2.48400006E-03   4.0330138906854367E-004
          28   2.04399996E-03   3.8878492507128957E-004
          29   1.70599995E-03   3.9388889341931130E-004
          30   1.39600004E-03   3.8877936138333484E-004
          31   1.12200005E-03   4.0252833938480621E-004
          32   8.82000022E-04   3.8628819233448686E-004
          33   6.93999988E-04   3.9468934399998327E-004
          34   5.38000022E-04   4.0509489534382062E-004
          35   4.07999993E-04   4.0662138177374545E-004
          36   2.93999998E-04   4.0427196572324073E-004
          37   1.46000006E-04   4.0201056493148425E-004
          38   4.99999987E-05   4.1067085087630927E-004
          39  -6.39999998E-05   4.0882023529762270E-004
          40  -1.74000001E-04   4.1850826222033079E-004
          41  -2.43999995E-04   4.1520573023896118E-004
          42  -3.03999986E-04   4.4271520125727749E-004
          43  -3.35999997E-04   4.3810648519602578E-004
          44  -3.80000012E-04   4.2804755348578902E-004
          45  -3.99999990E-04   4.5680277624502715E-004
          46  -4.52000007E-04   4.3290390516157395E-004
          47  -5.15999971E-04   4.8890556244300806E-004
          48  -5.77999977E-04   4.5881552332599414E-004
          49  -5.47999982E-04   4.7778730942437303E-004
          50  -5.90000011E-04   4.7661266182895835E-004
