           1  0.459906012       1.0514137994008922E-003
           2  0.423139989       1.0491849203175226E-003
           3  0.389308006       1.0529368758001082E-003
           4  0.358177990       1.0484071508868522E-003
           5  0.329535991       1.0338700619782698E-003
           6  0.303178012       1.0458509040271098E-003
           7  0.278917998       1.0054804500038161E-003
           8  0.256577998       1.0024577131952555E-003
           9  0.236026004       9.7301159241004113E-004
          10  0.217106000       9.5817708470673571E-004
          11  0.199693993       9.5381937330741347E-004
          12  0.183668002       9.6310470441319260E-004
          13  0.168919995       9.6423383441591212E-004
          14  0.155358002       9.3437546962617214E-004
          15  0.142869994       9.2526478882399806E-004
          16  0.131374002       8.8249415693732517E-004
          17  0.120784000       8.7304071607659066E-004
          18  0.111042000       8.9715892232515397E-004
          19  0.102084003       8.6168030518226398E-004
          20   9.38320011E-02   8.6911800412588398E-004
          21   8.62440020E-02   8.3205563660027689E-004
          22   7.92580023E-02   8.2640467766053477E-004
          23   7.28420019E-02   8.4247232417018791E-004
          24   6.69519976E-02   8.2064050613519417E-004
          25   6.15359992E-02   8.1634183853473671E-004
          26   5.65720014E-02   8.4836881917577816E-004
          27   5.20140007E-02   8.3863265292684537E-004
          28   4.78419997E-02   8.5030059295758680E-004
          29   4.40200008E-02   8.1997396225330177E-004
          30   4.05079983E-02   8.7273665302141975E-004
          31   3.72759998E-02   8.3451926048957190E-004
          32   3.43139991E-02   7.6885446780706286E-004
          33   3.15920003E-02   7.7719973231264001E-004
          34   2.90939994E-02   7.8452940683344796E-004
          35   2.67980006E-02   7.9565084662966586E-004
          36   2.47079991E-02   8.0872688665681194E-004
          37   2.27860007E-02   8.1485332133325659E-004
          38   2.10059993E-02   8.3208383218738211E-004
          39   1.93659998E-02   8.0137939359480124E-004
          40   1.78379994E-02   8.2474620550548969E-004
          41   1.64500009E-02   8.0432077533571151E-004
          42   1.51660005E-02   8.1717167687313274E-004
          43   1.39720002E-02   8.0455741878458537E-004
          44   1.28800003E-02   8.0974428159348761E-004
          45   1.18640000E-02   7.8821452163298981E-004
          46   1.09120002E-02   8.4335837228940004E-004
          47   1.00320000E-02   8.2581825364179417E-004
          48   9.20400023E-03   8.1010120634392483E-004
          49   8.42799991E-03   8.4314995789001607E-004
          50   7.70800002E-03   8.1684284578318342E-004
          51   7.04200007E-03   8.1243648414904316E-004
          52   6.41199993E-03   7.8984592239410094E-004
          53   5.82400011E-03   8.3556912440090297E-004
          54   5.27800014E-03   8.7180453357368741E-004
          55   4.75599989E-03   8.2730027629870928E-004
          56   4.28400002E-03   8.3744380459876196E-004
          57   3.83999990E-03   8.2487774949183037E-004
          58   3.43000004E-03   8.4779633232698597E-004
          59   3.04200011E-03   8.3947438190107868E-004
          60   2.69400002E-03   8.5807707515317996E-004
          61   2.36000004E-03   8.0470692737532202E-004
          62   2.05800007E-03   8.5156960209864443E-004
          63   1.77400000E-03   8.3626278897433698E-004
          64   1.51800003E-03   8.7562547380674936E-004
          65   1.27200002E-03   8.5754401010635251E-004
          66   1.04799995E-03   8.6169741846756542E-004
          67   8.39999993E-04   8.6626283744350367E-004
          68   6.41999999E-04   8.5638957259880143E-004
          69   4.57999995E-04   8.9544159286018940E-004
          70   2.77999992E-04   8.4818845083699528E-004
          71   1.14000002E-04   8.6537008059645005E-004
          72  -4.19999997E-05   8.7954152208663604E-004
          73  -1.69999999E-04   8.4862673971334147E-004
          74  -2.77999992E-04   8.8005899140056556E-004
          75  -3.94000002E-04   8.6658508071794070E-004
          76  -5.08000026E-04   8.8610260565786592E-004
          77  -6.17999991E-04   8.6213960050487363E-004
          78  -7.25999998E-04   9.2593799105967502E-004
          79  -8.28000018E-04   8.8378935574408345E-004
          80  -9.21999977E-04   8.9711560834341870E-004
          81  -1.00199995E-03   8.9720378048313435E-004
          82  -1.06399995E-03   9.1451967462370957E-004
          83  -1.12399994E-03   9.2752396737744549E-004
          84  -1.18599995E-03   9.1866929743421083E-004
          85  -1.27000001E-03   9.2309537026568516E-004
          86  -1.34800002E-03   9.0630160145588204E-004
          87  -1.41799997E-03   9.1003093845577309E-004
          88  -1.47200003E-03   9.1018719679182548E-004
          89  -1.52399996E-03   9.1790810558080879E-004
          90  -1.57800002E-03   9.0986803368265582E-004
          91  -1.64200005E-03   9.5848032124945038E-004
          92  -1.70000002E-03   9.5929088614151998E-004
          93  -1.76599994E-03   9.4874613744302862E-004
          94  -1.84799999E-03   9.9516341250063811E-004
          95  -1.94800005E-03   9.7803971046545404E-004
          96  -2.04599998E-03   1.0045136473931218E-003
          97  -2.14800006E-03   9.8369636693482979E-004
          98  -2.24000006E-03   1.0142793906642122E-003
          99  -2.30600010E-03   1.0094347096354357E-003
         100  -2.36600009E-03   1.0692776496973684E-003
         101  -2.42800009E-03   9.6449249860940014E-004
         102  -2.46599992E-03   9.9895660420834965E-004
         103  -2.50399997E-03   1.0247297427291150E-003
         104  -2.53399997E-03   1.0523119732821148E-003
         105  -2.54600006E-03   1.0753476905360185E-003
         106  -2.55000009E-03   1.0046726101843896E-003
         107  -2.56199995E-03   1.0245890645120754E-003
         108  -2.55599990E-03   1.0711858804226160E-003
         109  -2.53199995E-03   1.0437311367481638E-003
         110  -2.49200012E-03   1.0018955832107547E-003
         111  -2.45200004E-03   1.0296995974908871E-003
         112  -2.39800010E-03   1.0488268363301216E-003
         113  -2.33200006E-03   1.0266597294329705E-003
         114  -2.27800012E-03   1.0184533653612412E-003
         115  -2.23800004E-03   1.0375243761996153E-003
         116  -2.18600011E-03   1.0598896905260923E-003
         117  -2.12599989E-03   1.0592019230519036E-003
         118  -2.06599990E-03   1.0094304701227209E-003
         119  -1.99200003E-03   1.0694092099597487E-003
         120  -1.91200001E-03   1.0893095724805047E-003
