           1  0.464464009       1.2594229956311613E-003
           2  0.432415992       1.2302419953080233E-003
           3  0.402579993       1.2396676118594341E-003
           4  0.374805987       1.1744736524451304E-003
           5  0.348946005       1.2216112974478320E-003
           6  0.324883997       1.2542667180087050E-003
           7  0.302471995       1.2249645040375387E-003
           8  0.281612009       1.1571104832728276E-003
           9  0.262210011       1.1742919607786388E-003
          10  0.244136006       1.1875135255071893E-003
          11  0.227310002       1.1340364884654640E-003
          12  0.211659998       1.1004182259816814E-003
          13  0.197090000       1.1220096379200080E-003
          14  0.183532000       1.1035731527829508E-003
          15  0.170928001       1.0693709597621669E-003
          16  0.159209996       1.0564237746321275E-003
          17  0.148313999       1.0991638667212705E-003
          18  0.138181999       1.0810061136040112E-003
          19  0.128769994       1.0599360490681118E-003
          20  0.120010003       1.0472594459842886E-003
          21  0.111868002       1.0233826450411255E-003
          22  0.104305997       9.6913622731408476E-004
          23   9.72639993E-02   1.0338729464656679E-003
          24   9.07159969E-02   9.9479505056402750E-004
          25   8.46280009E-02   1.0233221480432800E-003
          26   7.89740011E-02   9.5660153522197640E-004
          27   7.37079978E-02   9.5245659257707548E-004
          28   6.88060001E-02   9.5889914513324953E-004
          29   6.42480031E-02   1.0268903597038020E-003
          30   5.99999987E-02   9.5322698588059097E-004
          31   5.60440011E-02   9.7715998081248246E-004
          32   5.23580015E-02   9.6885153909592487E-004
          33   4.89239991E-02   9.7726161240019554E-004
          34   4.57299985E-02   9.3876923797728078E-004
          35   4.27539982E-02   9.5780728310502627E-004
          36   3.99780013E-02   9.6841841698677581E-004
          37   3.73920016E-02   9.7036826859775839E-004
          38   3.49799991E-02   9.2722220016799915E-004
          39   3.27380002E-02   9.2371716498217094E-004
          40   3.06439996E-02   9.2589643716597643E-004
          41   2.86999997E-02   9.4381015365056613E-004
          42   2.68939994E-02   9.9347095982922368E-004
          43   2.52080001E-02   9.2625736214445851E-004
          44   2.36419998E-02   9.4110300992001207E-004
          45   2.21859999E-02   9.0372987963516043E-004
          46   2.08279993E-02   9.2054685379893938E-004
          47   1.95560008E-02   9.2730642060257645E-004
          48   1.83639992E-02   9.9326422967292195E-004
          49   1.72440000E-02   9.5263334046655473E-004
          50   1.61959995E-02   9.6561122120062488E-004
          51   1.52160004E-02   9.7921874631278936E-004
          52   1.42820003E-02   9.4621379167431649E-004
          53   1.34079996E-02   9.1513899507706840E-004
          54   1.25820003E-02   9.5788487045550552E-004
          55   1.18060000E-02   9.5538896211147279E-004
          56   1.10900002E-02   9.4784341346396573E-004
          57   1.04299998E-02   9.6157644898405481E-004
          58   9.81399976E-03   9.5288904302366759E-004
          59   9.23599955E-03   1.0065682232309324E-003
          60   8.70000012E-03   1.0203042650272296E-003
          61   8.20599962E-03   9.3668938230279369E-004
          62   7.74599984E-03   9.8898941609835522E-004
          63   7.32399989E-03   9.4523365599519444E-004
          64   6.93200016E-03   1.0136931305045908E-003
          65   6.56400016E-03   9.6602216663736285E-004
          66   6.21199980E-03   9.9824590049300008E-004
          67   5.88400010E-03   9.5737549190827356E-004
          68   5.57800010E-03   1.0028550968111296E-003
          69   5.28600020E-03   1.0553053075994729E-003
          70   5.01199998E-03   9.8270545975794477E-004
          71   4.74399980E-03   1.0373040131092808E-003
          72   4.50599985E-03   1.0284027617770170E-003
          73   4.28200001E-03   1.0547901262956030E-003
          74   4.06999979E-03   1.0031569794438783E-003
          75   3.88199999E-03   1.0206696799764541E-003
          76   3.70400003E-03   9.9428768104026818E-004
          77   3.53599992E-03   9.9578401180579765E-004
          78   3.38399992E-03   1.0437046725543190E-003
          79   3.23599996E-03   1.0059430804530208E-003
          80   3.09200003E-03   1.0629630679881877E-003
          81   2.94600008E-03   1.0119795484952686E-003
          82   2.80799996E-03   1.0375658412325383E-003
          83   2.68799998E-03   1.0253306810609720E-003
          84   2.57000001E-03   1.0054873379056113E-003
          85   2.45800009E-03   1.0524252604581852E-003
          86   2.34199991E-03   1.0062892741149619E-003
          87   2.23800004E-03   1.1064426408178116E-003
          88   2.14000000E-03   1.0776201925019999E-003
          89   2.04399996E-03   1.0717438801011146E-003
          90   1.94800005E-03   1.0373022437042253E-003
          91   1.84599997E-03   1.0358815031678409E-003
          92   1.74400001E-03   1.0387564386313817E-003
          93   1.63600000E-03   1.0352054632829239E-003
          94   1.54199998E-03   1.0532581640543494E-003
          95   1.43800001E-03   1.0428367923553093E-003
          96   1.34399999E-03   1.0444907553561400E-003
          97   1.25600002E-03   1.0492160603725446E-003
          98   1.18000002E-03   1.0261291989941909E-003
          99   1.11199997E-03   9.9545647027362216E-004
         100   1.04400003E-03   1.0932724557546124E-003
         101   9.58000019E-04   1.0807276275245747E-003
         102   8.64000001E-04   1.0821755577015504E-003
         103   7.68000027E-04   1.0771154205703264E-003
         104   6.69999979E-04   1.0991931189466041E-003
         105   5.79999993E-04   1.0333823593891588E-003
         106   5.01999981E-04   1.1038626537189734E-003
         107   4.29999985E-04   1.1006682311720660E-003
         108   3.57999990E-04   1.1009109588305745E-003
         109   3.07999988E-04   1.0877519136278360E-003
         110   2.55999999E-04   1.0859027283279333E-003
         111   2.16000000E-04   1.1211244052338123E-003
         112   1.88000005E-04   1.0904227869638213E-003
         113   1.69999999E-04   1.0917182413684276E-003
         114   1.51999993E-04   1.1246831824014340E-003
         115   1.36000002E-04   1.1314459681788739E-003
         116   1.40000004E-04   1.1157371781413022E-003
         117   1.55999995E-04   1.1370318733219130E-003
         118   1.69999999E-04   1.1318737478307930E-003
         119   1.92000007E-04   1.1356633773120764E-003
         120   2.28000004E-04   1.1576456960199887E-003
         121   2.55999999E-04   1.1998960402798031E-003
         122   2.73999991E-04   1.1842678615310322E-003
         123   3.03999986E-04   1.1651819200215604E-003
         124   3.22000007E-04   1.1448864540051945E-003
         125   3.38000013E-04   1.2010187987620581E-003
         126   3.68000008E-04   1.1895893640672956E-003
         127   4.14000009E-04   1.1631155143498723E-003
         128   4.60000010E-04   1.2205593861979024E-003
         129   5.09999983E-04   1.1780947041433070E-003
         130   5.77999977E-04   1.1923763851146936E-003
         131   6.58000004E-04   1.2227960727191622E-003
         132   7.31999986E-04   1.2389319802308682E-003
         133   8.01999995E-04   1.2544764605795238E-003
         134   8.52000026E-04   1.2063371394620368E-003
         135   9.10000002E-04   1.2409542458681260E-003
         136   9.61999991E-04   1.2496762599934876E-003
         137   1.01600005E-03   1.2235932865826138E-003
         138   1.06399995E-03   1.1948174186317540E-003
         139   1.10200001E-03   1.2150910531338183E-003
         140   1.12599996E-03   1.2152424134499809E-003
