           1  0.461416006       1.1909533205232037E-003
           2  0.427168012       1.1567910688726208E-003
           3  0.395460010       1.1360301891396299E-003
           4  0.366109997       1.1580753593333670E-003
           5  0.338932008       1.1500395394215238E-003
           6  0.313769996       1.1240120348764478E-003
           7  0.290488005       1.1075123477340893E-003
           8  0.268925995       1.0777043237806250E-003
           9  0.248965994       1.0800691761151549E-003
          10  0.230480000       1.0413466871120926E-003
          11  0.213384002       1.0712928517670266E-003
          12  0.197571993       1.0708111736081193E-003
          13  0.182940006       1.0297878833651897E-003
          14  0.169394001       1.0534038625166762E-003
          15  0.156864002       1.0037230476820146E-003
          16  0.145275995       1.0163845823846155E-003
          17  0.134547994       9.3183295460918657E-004
          18  0.124629997       9.4367834769846907E-004
          19  0.115446001       9.9597349442890454E-004
          20  0.106958002       9.9069722248974388E-004
          21   9.91040021E-02   9.5026130022014647E-004
          22   9.18420032E-02   9.5456652267280999E-004
          23   8.51219967E-02   9.5266515070239512E-004
          24   7.89059997E-02   9.2010741494306795E-004
          25   7.31580034E-02   9.3478898088896519E-004
          26   6.78279996E-02   9.5325988944166477E-004
          27   6.28840029E-02   8.8360976455166378E-004
          28   5.83159998E-02   9.4147569797039653E-004
          29   5.40740006E-02   8.7243019326550255E-004
          30   5.01560010E-02   9.0651144826308554E-004
          31   4.65379991E-02   8.9207865316541968E-004
          32   4.31879982E-02   8.4699369086934186E-004
          33   4.00880016E-02   8.9358543975093490E-004
          34   3.72099988E-02   8.9594080713657103E-004
          35   3.45479995E-02   8.6595738491277905E-004
          36   3.20880003E-02   8.8203811943511016E-004
          37   2.98100002E-02   8.8321172613085505E-004
          38   2.76980009E-02   8.9462269565687854E-004
          39   2.57520005E-02   8.6582856236865275E-004
          40   2.39519998E-02   8.6959477369830639E-004
          41   2.22939998E-02   8.5345775516052272E-004
          42   2.07659993E-02   8.4412366100733471E-004
          43   1.93440001E-02   9.0109416244932316E-004
          44   1.80140007E-02   8.5450286605899116E-004
          45   1.67960003E-02   8.9836776418327695E-004
          46   1.56660005E-02   8.7725643376173441E-004
          47   1.46159995E-02   8.4848253508321256E-004
          48   1.36479996E-02   8.8214267583949205E-004
          49   1.27320001E-02   8.8218596959047156E-004
          50   1.18859997E-02   8.7327504746417014E-004
          51   1.10959997E-02   8.4154466627116406E-004
          52   1.03439996E-02   8.8852643977980258E-004
          53   9.64399986E-03   8.6133519294428866E-004
          54   8.98599997E-03   8.6156349536589054E-004
          55   8.37399997E-03   8.9198516177634544E-004
          56   7.78800016E-03   8.8176736071776272E-004
          57   7.23600015E-03   8.7592855096844946E-004
          58   6.70199981E-03   8.7810862036400187E-004
          59   6.17800001E-03   9.0117904473641824E-004
          60   5.67999994E-03   8.8352768058889432E-004
          61   5.18999994E-03   8.8547094015709277E-004
          62   4.72200010E-03   9.0075635850110560E-004
          63   4.26999992E-03   8.7493318722516630E-004
          64   3.85400001E-03   8.9762294056986173E-004
          65   3.45399999E-03   8.8376201238653501E-004
          66   3.07799992E-03   9.0527077258170045E-004
          67   2.73000007E-03   8.9001962825151703E-004
          68   2.40000011E-03   9.0581766939550100E-004
          69   2.09999993E-03   9.0023376485334717E-004
          70   1.81599997E-03   9.2153339474479879E-004
          71   1.56000000E-03   8.6910748286705161E-004
          72   1.32200005E-03   9.3921614188526177E-004
          73   1.09999999E-03   9.4205868946906741E-004
          74   8.93999997E-04   9.1954433244950153E-004
          75   6.96000003E-04   9.4672488230004338E-004
          76   5.03999996E-04   9.5986855541908324E-004
          77   3.10000003E-04   9.2029610027237008E-004
          78   1.23999998E-04   9.3707866321647842E-004
          79  -5.60000008E-05   9.0604788830720936E-004
          80  -2.18000001E-04   8.9775092357056432E-004
          81  -3.76000011E-04   9.5940385530224380E-004
          82  -5.25999989E-04   9.4162360989557311E-004
          83  -6.63999992E-04   9.3903190221138590E-004
          84  -7.90000020E-04   9.8186363909035825E-004
          85  -9.15999990E-04   9.0158180865256411E-004
          86  -1.01600005E-03   9.6256958935381166E-004
          87  -1.11600000E-03   9.4532666185651276E-004
          88  -1.20599999E-03   9.6102991760675964E-004
          89  -1.30400003E-03   9.1843682212846742E-004
          90  -1.40199997E-03   9.8814583056182348E-004
          91  -1.49599998E-03   9.6730618789888181E-004
          92  -1.57399999E-03   9.8479203448543747E-004
          93  -1.66199997E-03   9.5554016377677204E-004
          94  -1.74800004E-03   9.9625242147428862E-004
          95  -1.82999996E-03   9.5951085439895177E-004
          96  -1.90799998E-03   9.4841564037373937E-004
          97  -1.97200011E-03   1.0138690136397214E-003
          98  -2.03000009E-03   1.0210359167085886E-003
          99  -2.07199994E-03   1.0246490544511609E-003
         100  -2.11000000E-03   9.8827379972679739E-004
         101  -2.12400011E-03   1.0367946667949198E-003
         102  -2.12599989E-03   1.0291341001246982E-003
         103  -2.12599989E-03   1.0811619837525063E-003
         104  -2.11800006E-03   1.0402059241249417E-003
         105  -2.08800007E-03   1.0182176237468529E-003
         106  -2.06399988E-03   1.0540088308873803E-003
         107  -2.04199995E-03   1.0501017442006415E-003
         108  -2.02800008E-03   1.0247302724104498E-003
         109  -2.02000001E-03   1.0575239231020816E-003
         110  -2.02000001E-03   1.0572251779737292E-003
         111  -2.02400004E-03   1.0860290048144122E-003
         112  -2.02000001E-03   1.1132206945928208E-003
         113  -2.03000009E-03   1.1570091092550361E-003
         114  -2.02400004E-03   1.0818534964116533E-003
         115  -2.01399997E-03   1.1290313512381954E-003
         116  -1.97599991E-03   1.1536181273598192E-003
         117  -1.94800005E-03   1.1471075854355541E-003
         118  -1.92800001E-03   1.1241835950450225E-003
         119  -1.90599996E-03   1.1100748210075319E-003
         120  -1.87200005E-03   1.1355313120872557E-003
         121  -1.82000000E-03   1.1385994848367327E-003
         122  -1.77600002E-03   1.1605284003787077E-003
         123  -1.73000002E-03   1.1043315670779691E-003
         124  -1.68200000E-03   1.1592818127796548E-003
         125  -1.63199997E-03   1.1141073557789903E-003
         126  -1.58200006E-03   1.1262854428839327E-003
         127  -1.51400000E-03   1.1350722408119669E-003
         128  -1.44999998E-03   1.1391028235410708E-003
         129  -1.37800002E-03   1.1334670242251423E-003
         130  -1.30000000E-03   1.1159866756385729E-003
