           1  0.466991991       1.2787151907748230E-003
           2  0.436841995       1.3369551544888225E-003
           3  0.408643991       1.3249443384587712E-003
           4  0.382275999       1.3228339879007879E-003
           5  0.357620001       1.2999206419945046E-003
           6  0.334558010       1.2650371459597709E-003
           7  0.312985986       1.3110192910077598E-003
           8  0.292806000       1.2752475594997306E-003
           9  0.273925990       1.2440562674263110E-003
          10  0.256258011       1.2213744838529671E-003
          11  0.239713997       1.2248391105583885E-003
          12  0.224237993       1.2235118423459357E-003
          13  0.209756002       1.1909688844104090E-003
          14  0.196206003       1.2338997457347729E-003
          15  0.183523998       1.2097779536872490E-003
          16  0.171657994       1.1457859620220188E-003
          17  0.160561994       1.1355499214712273E-003
          18  0.150176004       1.1769212688071814E-003
          19  0.140451998       1.0568661054435233E-003
          20  0.131352007       1.1131742549571656E-003
          21  0.122844003       1.0676442233875402E-003
          22  0.114887998       1.0655169555527791E-003
          23  0.107451998       1.1090298745041547E-003
          24  0.100504003       1.0389152544905149E-003
          25   9.40160006E-02   1.0517514863880478E-003
          26   8.79440010E-02   1.0715341563163731E-003
          27   8.22559968E-02   1.0896241423718040E-003
          28   7.69260004E-02   9.5530430490317142E-004
          29   7.19439983E-02   1.0549281194943427E-003
          30   6.72739968E-02   9.8464549743343031E-004
          31   6.29020035E-02   1.0663622734402778E-003
          32   5.88079989E-02   1.0243081101265717E-003
          33   5.49740009E-02   1.0166332224882178E-003
          34   5.13800010E-02   9.8366816915392919E-004
          35   4.80140001E-02   1.0420257937551111E-003
          36   4.48540002E-02   9.9849575590854936E-004
          37   4.18980010E-02   1.0333576330287474E-003
          38   3.91240008E-02   1.0037013870686511E-003
          39   3.65200005E-02   9.8375844659582840E-004
          40   3.40839997E-02   1.0009706517190031E-003
          41   3.17980014E-02   9.5614774465357054E-004
          42   2.96439994E-02   1.0041949778542133E-003
          43   2.76340004E-02   1.0079025522905097E-003
          44   2.57619992E-02   1.0075892776903413E-003
          45   2.40180008E-02   9.9999655496043650E-004
          46   2.23939996E-02   1.0114652462743250E-003
          47   2.08839998E-02   9.7462893615258704E-004
          48   1.94780007E-02   9.6375512877116512E-004
          49   1.81760006E-02   1.0118288438386101E-003
          50   1.69719998E-02   9.9102817734538721E-004
          51   1.58520006E-02   1.0026596815933763E-003
          52   1.48139996E-02   9.6779360861279145E-004
          53   1.38600003E-02   9.8336356066099323E-004
          54   1.29680000E-02   9.9528756097239145E-004
          55   1.21400002E-02   9.7337606400169064E-004
          56   1.13700004E-02   1.0190275942361206E-003
          57   1.06440000E-02   1.0236164075950918E-003
          58   9.96800046E-03   1.0184057114808137E-003
          59   9.33399983E-03   9.8867888404994804E-004
          60   8.73399992E-03   9.6912843482193181E-004
          61   8.17199983E-03   9.9189236776802596E-004
          62   7.63799995E-03   1.0311165413210393E-003
          63   7.13199982E-03   9.9834731856156332E-004
          64   6.66399999E-03   1.0267172469751262E-003
          65   6.22799993E-03   1.0341573402580940E-003
          66   5.81600005E-03   1.0340446108285945E-003
          67   5.42599987E-03   1.0118489950986492E-003
          68   5.05799986E-03   9.7784572606629322E-004
          69   4.70399996E-03   1.0443998696443597E-003
          70   4.36600018E-03   1.0602985338580429E-003
          71   4.05200012E-03   1.0508731451772822E-003
          72   3.76600004E-03   1.0141443007436670E-003
          73   3.50000011E-03   1.0327805913005453E-003
          74   3.24800005E-03   1.0245835656817370E-003
          75   3.00600007E-03   1.0487484352335610E-003
          76   2.77599995E-03   1.0958457827072244E-003
          77   2.55200011E-03   1.0709260122599620E-003
          78   2.33000005E-03   1.1036031077751023E-003
          79   2.10199994E-03   1.0498209487915932E-003
          80   1.87599997E-03   1.0445877815105310E-003
          81   1.67000003E-03   1.0391194987512187E-003
          82   1.47599995E-03   1.0825151554893823E-003
          83   1.29799999E-03   1.0454791527117952E-003
          84   1.13800005E-03   1.0844019166353790E-003
          85   9.87999956E-04   1.0976401631830422E-003
          86   8.47999996E-04   1.0859300274534335E-003
          87   7.22000026E-04   1.0851462441167569E-003
          88   5.90000011E-04   1.1036519622968663E-003
          89   4.68000013E-04   1.0871670172505521E-003
          90   3.69999994E-04   1.0991168807601443E-003
          91   2.93999998E-04   1.0593183324888289E-003
          92   2.36000007E-04   1.1410754392324530E-003
          93   1.88000005E-04   1.0979228707024466E-003
          94   1.61999997E-04   1.1469429724027197E-003
          95   1.40000004E-04   1.1275138235133421E-003
          96   1.32000001E-04   1.1097711228388162E-003
          97   1.21999998E-04   1.1174481177020417E-003
          98   1.01999998E-04   1.1577227901230112E-003
          99   7.20000025E-05   1.1461160252491734E-003
         100   4.19999997E-05   1.1118503869671172E-003
         101   3.99999999E-06   1.1107767705703950E-003
         102  -4.19999997E-05   1.1390210293952484E-003
         103  -9.20000020E-05   1.1429990011908580E-003
         104  -1.51999993E-04   1.1283129031709753E-003
         105  -2.16000000E-04   1.1723941745229308E-003
         106  -2.72000005E-04   1.1245989481612712E-003
         107  -3.27999995E-04   1.1262480772807602E-003
         108  -3.84000014E-04   1.1356404535262886E-003
         109  -4.44000005E-04   1.1726254284551627E-003
         110  -5.17999986E-04   1.1414472291500263E-003
         111  -6.00000028E-04   1.1720201472826758E-003
         112  -6.82000013E-04   1.2039911399601541E-003
         113  -7.66000012E-04   1.1252435711456336E-003
         114  -8.42000009E-04   1.1779502134991455E-003
         115  -9.18000005E-04   1.1968729733778088E-003
         116  -9.89999971E-04   1.2332148556325044E-003
         117  -1.05199998E-03   1.2358731805038410E-003
         118  -1.10200001E-03   1.1765655347083764E-003
         119  -1.15000003E-03   1.1399236215915178E-003
         120  -1.18799997E-03   1.1737272290045567E-003
         121  -1.22600002E-03   1.2001263821762444E-003
         122  -1.26799999E-03   1.1941434329912110E-003
         123  -1.30799995E-03   1.2372343484641725E-003
         124  -1.33999996E-03   1.1668411052525665E-003
         125  -1.36400003E-03   1.2835395929507931E-003
         126  -1.38599996E-03   1.2360396361962686E-003
         127  -1.41000003E-03   1.2309352019157370E-003
         128  -1.43399998E-03   1.2267459724455392E-003
         129  -1.44999998E-03   1.2243224155937768E-003
         130  -1.46599999E-03   1.2585186039990638E-003
         131  -1.48199999E-03   1.2762608016892328E-003
         132  -1.48800004E-03   1.2736614810181081E-003
         133  -1.48800004E-03   1.2749050171817593E-003
         134  -1.47599995E-03   1.2772095923210473E-003
         135  -1.46599999E-03   1.2676496319299361E-003
         136  -1.45800004E-03   1.3109840950222083E-003
         137  -1.44999998E-03   1.2659005759419301E-003
         138  -1.45600003E-03   1.2862146264665678E-003
         139  -1.46000006E-03   1.3177666201009343E-003
         140  -1.45200000E-03   1.2942534498674070E-003
         141  -1.43800001E-03   1.2626494847727981E-003
         142  -1.41599996E-03   1.2949604283303950E-003
         143  -1.39400002E-03   1.3393033701292992E-003
         144  -1.37399998E-03   1.3191635292969833E-003
         145  -1.35000004E-03   1.2860073948668515E-003
         146  -1.30799995E-03   1.3802850483968802E-003
         147  -1.25800003E-03   1.2692631481218959E-003
         148  -1.21200003E-03   1.2960791995170384E-003
         149  -1.17399998E-03   1.2621767444189462E-003
         150  -1.12599996E-03   1.3640200831412006E-003
