           1  0.421903998       5.3472352650450446E-004
           2  0.357192010       5.5538726077762580E-004
           3  0.302406013       5.1923234798845110E-004
           4  0.256027997       5.1093836403761793E-004
           5  0.216782004       5.0442408983668004E-004
           6  0.183530003       4.9598419458288300E-004
           7  0.155371994       4.6679350171776186E-004
           8  0.131548002       4.6366625041666278E-004
           9  0.111330003       4.6004528816636384E-004
          10   9.42260027E-02   4.5138890123130068E-004
          11   7.97600001E-02   4.4215235810218562E-004
          12   6.75019994E-02   4.3451602984006507E-004
          13   5.70960008E-02   4.5228922329753035E-004
          14   4.82859984E-02   4.1613631500518063E-004
          15   4.07879986E-02   4.2733517432809681E-004
          16   3.44519988E-02   4.1260420995730139E-004
          17   2.90939994E-02   4.1118228644128579E-004
          18   2.45479997E-02   4.1846437012288016E-004
          19   2.06899997E-02   4.1999776106464205E-004
          20   1.73840001E-02   4.1043023119207491E-004
          21   1.46040004E-02   4.2742227522818774E-004
          22   1.22600002E-02   4.3351129428902363E-004
          23   1.02779996E-02   4.2772640130743083E-004
          24   8.63800012E-03   4.2939602106300661E-004
          25   7.26199988E-03   4.2316051774740729E-004
          26   6.10399991E-03   4.1931927530695874E-004
          27   5.15200011E-03   4.2093567392359932E-004
          28   4.36400017E-03   4.2660098270893188E-004
          29   3.71000008E-03   4.3923187750043397E-004
          30   3.15600005E-03   4.3928650234274308E-004
          31   2.68799998E-03   4.4012234611878135E-004
          32   2.31199991E-03   4.4474113768080850E-004
          33   2.00200011E-03   4.5282503224208402E-004
          34   1.71200000E-03   4.7327117264208985E-004
          35   1.49399997E-03   4.5515378581278764E-004
          36   1.29399996E-03   4.6827805720113346E-004
          37   1.07799994E-03   4.5436252962140943E-004
          38   8.88000010E-04   4.8540100959045945E-004
          39   7.71999999E-04   4.5496265702189246E-004
          40   7.09999993E-04   4.7761304774692761E-004
          41   6.96000003E-04   4.8908515276201029E-004
          42   6.82000013E-04   4.7892919645786051E-004
          43   6.60000020E-04   4.7422514581904108E-004
          44   6.06000016E-04   4.9295529686582901E-004
          45   4.95999993E-04   4.8663849911601432E-004
          46   3.91999987E-04   5.0177417838409425E-004
          47   2.54000013E-04   5.1518050449134080E-004
          48   1.25999999E-04   5.0793116717000591E-004
          49  -1.99999995E-05   4.9292650640071333E-004
          50  -1.01999998E-04   5.0955316804208106E-004
          51  -1.53999994E-04   5.2010393735058241E-004
          52  -1.80000003E-04   5.0672186114353085E-004
          53  -1.69999999E-04   4.9339548696648405E-004
          54  -1.21999998E-04   5.6180067761929325E-004
          55  -7.59999966E-05   5.3548361983609641E-004
          56  -1.40000002E-05   5.3365971573727296E-004
          57   7.40000032E-05   5.4935989652569626E-004
          58   1.57999995E-04   5.5184338280718807E-004
          59   2.01999996E-04   5.6186776062296313E-004
          60   2.05999997E-04   5.6346409776984014E-004
