           1  0.295426011       2.4562568663747991E-004
           2  0.180056006       2.1972485457576993E-004
           3  0.109637998       2.0099893898109275E-004
           4   6.66360036E-02   1.9297203979246158E-004
           5   4.04540002E-02   1.9032105153769064E-004
           6   2.46179998E-02   1.9436985906698707E-004
           7   1.50960004E-02   1.9489865626758754E-004
           8   9.32400022E-03   2.0460205681360619E-004
           9   5.67199988E-03   1.8598889477153678E-004
          10   3.34200007E-03   1.9773715683644126E-004
          11   1.89800002E-03   2.0540219647626392E-004
          12   1.02600001E-03   2.0472863080452824E-004
          13   7.04000005E-04   2.0681553817795281E-004
          14   5.71999990E-04   2.1989522684780509E-004
          15   5.38000022E-04   2.2613360751600628E-004
          16   2.84000009E-04   2.2879104455699828E-004
          17   1.80000006E-05   2.3424752103309824E-004
          18  -5.99999985E-05   2.2902139702360487E-004
          19   9.40000027E-05   2.4872332298292199E-004
          20   1.84000004E-04   2.4382184981867146E-004
