  0.447539598       2.3671155810644533E-004  0.553084195       2.7107870337036700E-004
  0.486991068       2.5481255293567613E-004  0.378170113       1.2983221823140305E-004
  0.493490696       3.0984278092627992E-004  0.278647751       7.6001518446407990E-005
  0.496431381       4.0340659011936297E-004  0.218956903       5.3046299367925055E-005
  0.497386217       4.8319761291997025E-004  0.180106238       3.7606934560699220E-005
  0.498326987       5.3901571174242661E-004  0.152835667       3.0548919854180056E-005
  0.498908967       6.7235049081259244E-004  0.132653430       2.3922483138851553E-005
  0.500061333       7.5328297055010781E-004  0.117190570       2.0213509360783872E-005
  0.500181854       8.4063422502891319E-004  0.104975939       1.7141788062443316E-005
  0.499847829       9.4045544134849408E-004   9.50143412E-02   1.5617550145899962E-005
  0.499089181       9.5240492704947745E-004   8.67713392E-02   1.3585281234349773E-005
  0.499861330       1.0600696156926178E-003   7.98787549E-02   1.2245555724866217E-005
  0.498410136       1.1967850270633543E-003   7.39584416E-02   1.0880012373169788E-005
  0.498890966       1.1967657384158298E-003   6.88499734E-02   1.0178084170798057E-005
  0.499227941       1.3353035669463106E-003   6.44344240E-02   9.0090136442329972E-006
  0.500146329       1.3549995910019769E-003   6.05348870E-02   8.1212172116767583E-006
  0.498792619       1.4738314475640979E-003   5.70875295E-02   7.5742808911066379E-006
  0.500296295       1.4860774126931010E-003   5.40199876E-02   7.1002672413399657E-006
  0.499929041       1.5560765993483789E-003   5.12478836E-02   7.0312518781710761E-006
  0.496970385       1.7237943761741282E-003   4.87415940E-02   6.1387538741430611E-006
