           1  0.461180001       1.4622477540582053E-003
           2  0.426959991       1.5139006086368389E-003
           3  0.395289987       1.4874466302080658E-003
           4  0.365960002       1.4972979194273564E-003
           5  0.338800013       1.4573086159587157E-003
           6  0.313659996       1.4437238568426327E-003
           7  0.290390015       1.4000299810751219E-003
           8  0.268830001       1.3820902708035292E-003
           9  0.248860002       1.4242576375741590E-003
          10  0.230379999       1.3153329854945571E-003
          11  0.213259995       1.3443615922100662E-003
          12  0.197410002       1.3475607800488736E-003
          13  0.182730004       1.2994099879057620E-003
          14  0.169149995       1.3317201971573837E-003
          15  0.156580001       1.2895326214660942E-003
          16  0.144930005       1.2369255732313071E-003
          17  0.134159997       1.2745960037600008E-003
          18  0.124169998       1.2545691270288628E-003
          19  0.114940003       1.2318165271398911E-003
          20  0.106380001       1.2293192656719837E-003
          21   9.84599963E-02   1.2172669777712035E-003
          22   9.10999998E-02   1.1779277624167164E-003
          23   8.42899978E-02   1.1355964866838725E-003
          24   7.79799968E-02   1.1230494838387864E-003
          25   7.21499994E-02   1.1328704265686467E-003
          26   6.67499974E-02   1.1671519129196569E-003
          27   6.17600009E-02   1.1235481268294161E-003
          28   5.71499988E-02   1.0917825469277827E-003
          29   5.28800003E-02   1.1102638561668098E-003
          30   4.89200018E-02   1.0929159482061452E-003
          31   4.52699997E-02   1.0763884403258135E-003
          32   4.19000015E-02   1.1160919843194977E-003
          33   3.87599990E-02   1.0829986446352555E-003
          34   3.58599983E-02   1.0664922529136651E-003
          35   3.31799984E-02   1.0048102805745379E-003
          36   3.07000000E-02   1.0567433691266463E-003
          37   2.83899996E-02   1.0804558978184790E-003
          38   2.62700003E-02   1.0528291352596422E-003
          39   2.42800005E-02   1.0881991777203467E-003
          40   2.24399995E-02   1.0600066866329285E-003
          41   2.07300000E-02   1.0503145070515139E-003
          42   1.91300008E-02   1.0264544241359900E-003
          43   1.76700000E-02   1.0496173673377892E-003
          44   1.63100008E-02   1.0134501008044578E-003
          45   1.50600001E-02   9.6539491812037373E-004
          46   1.38999997E-02   1.0126980561989518E-003
          47   1.28300004E-02   1.0052894548863783E-003
          48   1.18399998E-02   1.0504703823066566E-003
          49   1.09299999E-02   1.0484478233921174E-003
          50   1.00699998E-02   1.0604761426939286E-003
          51   9.29000042E-03   1.0425750546280833E-003
          52   8.56999960E-03   1.0595162326064278E-003
          53   7.93000031E-03   1.0684214364464276E-003
          54   7.35000009E-03   1.0466446602027031E-003
          55   6.81999978E-03   1.0468307271986744E-003
          56   6.33999985E-03   1.0398266133639280E-003
          57   5.90999983E-03   1.0406182225656919E-003
          58   5.52000012E-03   1.0722633961894558E-003
          59   5.16999979E-03   1.0164390110326529E-003
          60   4.86000022E-03   1.0754802173228229E-003
          61   4.55000019E-03   1.0522466579919781E-003
          62   4.26999992E-03   1.0780919220115617E-003
          63   4.02999995E-03   1.0574349809293463E-003
          64   3.80000006E-03   1.0512815438729740E-003
          65   3.59000009E-03   1.0463591951842752E-003
          66   3.40999989E-03   1.0581085689303164E-003
          67   3.22000007E-03   1.0265150685211850E-003
          68   3.01999995E-03   1.0215217957849766E-003
          69   2.82999990E-03   1.0843504362065440E-003
          70   2.64999992E-03   1.0646027983139117E-003
          71   2.48000002E-03   1.0861261683585831E-003
          72   2.33999989E-03   1.0318692298469422E-003
          73   2.18999991E-03   1.0512328986759560E-003
          74   2.05000001E-03   1.0780090555524767E-003
          75   1.90999999E-03   1.0523207193872148E-003
          76   1.79000001E-03   1.0401509790439365E-003
          77   1.65999995E-03   1.0550154970862845E-003
          78   1.53000001E-03   1.0810035074421901E-003
          79   1.39999995E-03   1.0900642601126499E-003
          80   1.29000004E-03   1.0356238069536860E-003
          81   1.18000002E-03   1.0756249509360110E-003
          82   1.07999996E-03   1.0896668949877033E-003
          83   1.00000005E-03   1.0985281421376281E-003
          84   9.20000020E-04   1.1281013160707929E-003
          85   8.50000011E-04   1.0541572199229854E-003
          86   7.60000024E-04   1.0662062290075795E-003
          87   6.69999979E-04   1.0451789378687871E-003
          88   5.90000011E-04   1.0966133656831252E-003
          89   5.09999983E-04   1.1317471757035572E-003
          90   4.49999992E-04   1.1315826557035593E-003
          91   4.10000008E-04   1.0751626920360469E-003
          92   3.69999994E-04   1.1234713324562047E-003
          93   3.49999988E-04   1.1397200789096931E-003
          94   3.39999999E-04   1.1352536765463063E-003
          95   3.19999992E-04   1.1063282484206499E-003
          96   3.19999992E-04   1.1235841460318127E-003
          97   3.00000014E-04   1.1267589174904424E-003
          98   2.60000001E-04   1.1457212946757922E-003
          99   2.09999998E-04   1.1043605439476566E-003
         100   1.50000007E-04   1.1257303633811599E-003
         101   1.10000001E-04   1.1622084592766990E-003
         102   7.00000019E-05   1.1755100568376937E-003
         103   9.99999975E-06   1.1546452738817456E-003
         104  -4.99999987E-05   1.1667533440663496E-003
         105  -9.99999975E-05   1.1218025334079748E-003
         106  -1.69999999E-04   1.1545915071961208E-003
         107  -2.20000002E-04   1.2211028189315122E-003
         108  -2.80000007E-04   1.1826283480414368E-003
         109  -3.19999992E-04   1.1878080595118755E-003
         110  -3.49999988E-04   1.2117077917412353E-003
         111  -3.69999994E-04   1.1909914506711078E-003
         112  -3.80000012E-04   1.1695850634351418E-003
         113  -3.90000001E-04   1.1703252808430535E-003
         114  -3.90000001E-04   1.1363989892876768E-003
         115  -3.80000012E-04   1.1659042979284733E-003
         116  -3.60000005E-04   1.2144580479426324E-003
         117  -3.60000005E-04   1.1422916855388992E-003
         118  -3.60000005E-04   1.2281010680413062E-003
         119  -3.60000005E-04   1.1526846112294722E-003
         120  -3.49999988E-04   1.1905368829686531E-003
         121  -3.10000003E-04   1.1709922994171077E-003
         122  -2.69999990E-04   1.1891370979293847E-003
         123  -2.20000002E-04   1.1257493273803050E-003
         124  -1.69999999E-04   1.1911133147229800E-003
         125  -1.10000001E-04   1.1418865369102783E-003
         126  -4.99999987E-05   1.1241902398686854E-003
         127   0.00000000       1.2171583412092764E-003
         128   4.99999987E-05   1.1781111069640656E-003
         129   1.10000001E-04   1.1432138503791192E-003
         130   1.80000003E-04   1.2040166030928496E-003
         131   2.39999994E-04   1.1557090664481603E-003
         132   3.00000014E-04   1.1897206551504138E-003
         133   3.69999994E-04   1.1872094767663888E-003
         134   4.40000003E-04   1.1997607771206476E-003
         135   5.09999983E-04   1.2013092349941771E-003
         136   5.69999975E-04   1.2115518989134605E-003
         137   6.30000024E-04   1.1922564862803509E-003
         138   6.79999997E-04   1.1481849919544923E-003
         139   7.20000011E-04   1.1955916651292015E-003
         140   7.60000024E-04   1.1876011376312763E-003
         141   7.80000002E-04   1.1732910569145340E-003
         142   8.20000016E-04   1.2302156854512684E-003
         143   8.69999989E-04   1.1962047412441127E-003
         144   9.20000020E-04   1.1721000048125450E-003
         145   9.80000012E-04   1.1849585686935140E-003
         146   1.04000000E-03   1.1702128893986447E-003
         147   1.09999999E-03   1.2237169442569221E-003
         148   1.16999994E-03   1.1442040784568810E-003
         149   1.24000001E-03   1.2274418013020728E-003
         150   1.29000004E-03   1.1473219475966747E-003
         151   1.33999996E-03   1.1854387055065529E-003
         152   1.38999999E-03   1.1734969498817848E-003
         153   1.41999999E-03   1.2283712205482145E-003
         154   1.44999998E-03   1.2318666547864511E-003
         155   1.47000002E-03   1.2666176284417653E-003
         156   1.49000005E-03   1.2024301863355540E-003
         157   1.50000001E-03   1.2398819781890104E-003
         158   1.50999997E-03   1.2119290436254327E-003
         159   1.49000005E-03   1.2318018922680570E-003
         160   1.47000002E-03   1.2372521673950827E-003
         161   1.44999998E-03   1.2173307840800827E-003
         162   1.41999999E-03   1.2083836263935487E-003
         163   1.38999999E-03   1.2640520258555968E-003
         164   1.35999999E-03   1.2322274131915368E-003
         165   1.32000004E-03   1.1496013579732661E-003
         166   1.29000004E-03   1.2212255214879091E-003
         167   1.24000001E-03   1.2525087421241001E-003
         168   1.18999998E-03   1.2214529616142646E-003
         169   1.10999995E-03   1.2478331341530284E-003
         170   1.04000000E-03   1.2209469903680097E-003
         171   9.39999998E-04   1.2318381534374276E-003
         172   8.50000011E-04   1.2585997126713456E-003
         173   7.50000007E-04   1.1980140161487616E-003
         174   6.60000020E-04   1.2053796958303546E-003
         175   5.69999975E-04   1.2835498571939345E-003
         176   4.79999988E-04   1.2360833937763807E-003
         177   3.99999990E-04   1.2244366529566629E-003
         178   3.10000003E-04   1.2572961631277435E-003
         179   2.39999994E-04   1.2441850353362650E-003
         180   1.80000003E-04   1.2145992146090003E-003
         181   1.19999997E-04   1.2785155273667289E-003
         182   5.99999985E-05   1.2656787946856076E-003
         183   9.99999975E-06   1.3067590326720671E-003
         184  -2.99999992E-05   1.2614087052167655E-003
         185  -5.99999985E-05   1.2819626484440153E-003
         186  -7.00000019E-05   1.2578486187379745E-003
         187  -9.99999975E-05   1.2535898826834312E-003
         188  -1.10000001E-04   1.3351829021667184E-003
         189  -1.10000001E-04   1.2545113495454989E-003
         190  -1.19999997E-04   1.2699704659749681E-003
         191  -1.30000000E-04   1.2234763623001203E-003
         192  -1.30000000E-04   1.3466778476634203E-003
         193  -1.10000001E-04   1.3017784267169070E-003
         194  -7.00000019E-05   1.3227861197692801E-003
         195  -3.99999990E-05   1.2672845827432515E-003
         196  -9.99999975E-06   1.2145660396298682E-003
         197   1.99999995E-05   1.3017044727191753E-003
         198   7.00000019E-05   1.2665111600454731E-003
         199   1.30000000E-04   1.2588976622458327E-003
         200   2.09999998E-04   1.2800616777471465E-003
         201   2.89999996E-04   1.3142091130706908E-003
         202   3.90000001E-04   1.2783071968629626E-003
         203   5.09999983E-04   1.2904950642323081E-003
         204   6.39999984E-04   1.2936499709927103E-003
         205   7.69999984E-04   1.2635890342580112E-003
         206   8.90000025E-04   1.3442874068172522E-003
         207   1.03000004E-03   1.2686482407967816E-003
         208   1.16999994E-03   1.3154679125895886E-003
         209   1.30000000E-03   1.3414060127695056E-003
         210   1.42999995E-03   1.2721392503018862E-003
         211   1.53999997E-03   1.2821557794914348E-003
         212   1.64000003E-03   1.2545969420946440E-003
         213   1.71999994E-03   1.3029568565086638E-003
         214   1.79000001E-03   1.2331301082321442E-003
         215   1.87000004E-03   1.2564465298576528E-003
         216   1.93000003E-03   1.2721198947497792E-003
         217   1.97999994E-03   1.3073040291824273E-003
         218   2.00000009E-03   1.2589677477892302E-003
         219   2.00999994E-03   1.2513292551386299E-003
         220   1.97999994E-03   1.3045823488289840E-003
         221   1.91999995E-03   1.3119256685643300E-003
         222   1.84000004E-03   1.2321923371782222E-003
         223   1.73999998E-03   1.3202387533306089E-003
         224   1.62999996E-03   1.3330279686042878E-003
         225   1.52000005E-03   1.3003872257775181E-003
         226   1.38999999E-03   1.2532584197076603E-003
         227   1.27999997E-03   1.3140152694303992E-003
         228   1.15999999E-03   1.2676693564898879E-003
         229   1.06000004E-03   1.3211557426745103E-003
         230   9.80000012E-04   1.2950224483722994E-003
         231   9.10000002E-04   1.3305085676631415E-003
         232   8.29999975E-04   1.3619380803075601E-003
         233   7.60000024E-04   1.3410480118175427E-003
         234   7.09999993E-04   1.3700667946053243E-003
         235   6.60000020E-04   1.2725417231974454E-003
         236   6.50000002E-04   1.2852513866638512E-003
         237   6.39999984E-04   1.2861181255129179E-003
         238   6.60000020E-04   1.2792108329325565E-003
         239   6.99999975E-04   1.2844525122014865E-003
         240   7.50000007E-04   1.2929002185238262E-003
         241   8.09999998E-04   1.3760386853299627E-003
         242   8.90000025E-04   1.3979846657074658E-003
         243   9.69999994E-04   1.2980399179512135E-003
         244   1.06000004E-03   1.3637252612158830E-003
         245   1.16999994E-03   1.3331380569218012E-003
         246   1.27000001E-03   1.2657379631428540E-003
         247   1.35999999E-03   1.3598538762761726E-003
         248   1.46000006E-03   1.2871107729794235E-003
         249   1.53999997E-03   1.3495944721524517E-003
         250   1.62000000E-03   1.3176162545761533E-003
         251   1.67999999E-03   1.3505446035087325E-003
         252   1.75000005E-03   1.3542704607352343E-003
         253   1.82000000E-03   1.3673640399794081E-003
         254   1.88000000E-03   1.3273431211185238E-003
         255   1.93000003E-03   1.3438498319372865E-003
         256   1.94999995E-03   1.3675162766836335E-003
         257   1.93999999E-03   1.2818352185959617E-003
         258   1.93999999E-03   1.3649015294334552E-003
         259   1.90999999E-03   1.3517616023063994E-003
         260   1.88000000E-03   1.3320757470972147E-003
         261   1.81000005E-03   1.3368695528122108E-003
         262   1.71999994E-03   1.3524311739839356E-003
         263   1.64000003E-03   1.3482039558693907E-003
         264   1.56999996E-03   1.3129307781785731E-003
         265   1.50999997E-03   1.3329941168188091E-003
         266   1.44000002E-03   1.3321397590652507E-003
         267   1.35000004E-03   1.3777207045135912E-003
         268   1.27000001E-03   1.3980145778035389E-003
         269   1.16999994E-03   1.4187125773220642E-003
         270   1.06000004E-03   1.3201345613572163E-003
         271   9.50000016E-04   1.3974178027613376E-003
         272   8.39999993E-04   1.3644167220839183E-003
         273   7.20000011E-04   1.3660430533770818E-003
         274   6.09999988E-04   1.4074931733011277E-003
         275   5.00000024E-04   1.3730298587397078E-003
         276   3.80000012E-04   1.3882576200860395E-003
         277   2.60000001E-04   1.3939846739246325E-003
         278   1.30000000E-04   1.4807817591689090E-003
         279   0.00000000       1.4458233743219076E-003
         280  -1.19999997E-04   1.4195546587575014E-003
         281  -2.30000005E-04   1.3962574832092028E-003
         282  -3.49999988E-04   1.3855269565620637E-003
         283  -4.49999992E-04   1.3896942950681443E-003
         284  -5.49999997E-04   1.4596009238178876E-003
         285  -6.09999988E-04   1.4460091084814706E-003
         286  -6.69999979E-04   1.3855216248762445E-003
         287  -7.20000011E-04   1.4354972041039904E-003
         288  -7.39999989E-04   1.3975076112920533E-003
         289  -7.69999984E-04   1.4469231966181871E-003
         290  -8.09999998E-04   1.4208884102203040E-003
         291  -8.50000011E-04   1.5245732192114574E-003
         292  -8.90000025E-04   1.4181922345343095E-003
         293  -9.10000002E-04   1.4472481621052380E-003
         294  -9.29999980E-04   1.4158309905751656E-003
         295  -9.29999980E-04   1.4218487177663920E-003
         296  -8.99999985E-04   1.4900963991402718E-003
         297  -8.50000011E-04   1.3925838467492781E-003
         298  -7.99999980E-04   1.4519414879741431E-003
         299  -7.39999989E-04   1.4480010389253265E-003
         300  -6.79999997E-04   1.4313311135909328E-003
         301  -6.09999988E-04   1.4673998910928736E-003
         302  -5.39999979E-04   1.5053666454274228E-003
         303  -4.90000006E-04   1.4379306663271959E-003
         304  -4.49999992E-04   1.4901204782109820E-003
         305  -4.19999997E-04   1.4600682164023736E-003
         306  -3.99999990E-04   1.4145435459910136E-003
         307  -3.69999994E-04   1.4711791012780432E-003
         308  -3.30000010E-04   1.4747204230996340E-003
         309  -3.00000014E-04   1.4312622787477055E-003
         310  -2.69999990E-04   1.4150867520467899E-003
         311  -2.39999994E-04   1.4785610289533805E-003
         312  -1.80000003E-04   1.4752886651424554E-003
         313  -1.19999997E-04   1.4457317644906514E-003
         314  -7.00000019E-05   1.5263093758141133E-003
         315  -3.99999990E-05   1.4245313196890558E-003
         316  -2.99999992E-05   1.4728524246380929E-003
         317   0.00000000       1.4760403401347256E-003
         318   9.99999975E-06   1.4920239749583934E-003
         319   9.99999975E-06   1.5058953594617570E-003
         320   2.99999992E-05   1.4949493629652713E-003
         321   4.99999987E-05   1.4927752289094099E-003
         322   4.99999987E-05   1.4868546172937288E-003
         323   5.99999985E-05   1.4946410871533647E-003
         324   7.99999980E-05   1.4687168457503366E-003
         325   9.99999975E-05   1.5186518724529606E-003
