           1  0.391589999       4.9374005185798958E-004
           2  0.308809996       4.8994755418109675E-004
           3  0.243479997       4.6680284806012966E-004
           4  0.191990003       4.5496330803228014E-004
           5  0.151429996       4.4413311390430730E-004
           6  0.119450003       4.2358029721950140E-004
           7   9.42199975E-02   4.0323068295034003E-004
           8   7.44000003E-02   3.9253980996825405E-004
           9   5.88800013E-02   4.1317065989925842E-004
          10   4.66200002E-02   4.0176459297220713E-004
          11   3.69100012E-02   3.9362291228499754E-004
          12   2.92399991E-02   3.9148537136224609E-004
          13   2.31699999E-02   3.9113892751414326E-004
          14   1.83499996E-02   3.8288733182843365E-004
          15   1.45800002E-02   3.9478843971523496E-004
          16   1.16299996E-02   3.9674823645841702E-004
          17   9.18000005E-03   4.0370673071223886E-004
          18   7.30999978E-03   4.0592614023285021E-004
          19   5.92999998E-03   3.8662698005824690E-004
          20   4.92000021E-03   3.8545479011498751E-004
          21   4.07999987E-03   3.8907772170136782E-004
          22   3.47000011E-03   3.9562354404757972E-004
          23   2.95999995E-03   3.9338428419665746E-004
          24   2.58999993E-03   3.9146922557909504E-004
          25   2.27000006E-03   4.0730579660937022E-004
          26   2.03000009E-03   3.9711668528062276E-004
          27   1.85999996E-03   4.0748303755875416E-004
          28   1.70999998E-03   3.9518976006918018E-004
          29   1.56000000E-03   4.0644135967889816E-004
          30   1.41999999E-03   4.0209104351663564E-004
          31   1.35000004E-03   3.9666955312614937E-004
          32   1.30000000E-03   3.9227274015554323E-004
          33   1.12999999E-03   4.1073962211132559E-004
          34   9.89999971E-04   4.1189106096966639E-004
          35   8.59999971E-04   4.0721584500354093E-004
          36   6.99999975E-04   4.1576399544017033E-004
          37   5.79999993E-04   4.1719263665249118E-004
          38   4.69999999E-04   4.0818776072884311E-004
          39   3.19999992E-04   4.2246770579353152E-004
          40   1.40000004E-04   4.2546481159773885E-004
          41   3.99999990E-05   4.2860895325470176E-004
          42  -3.99999990E-05   4.3843321271512146E-004
          43  -7.99999980E-05   4.3450106465331515E-004
          44  -1.59999996E-04   4.4363105982187564E-004
          45  -2.20000002E-04   4.1117662093695341E-004
          46  -2.09999998E-04   4.4056018433834401E-004
          47  -1.99999995E-04   4.2972881041349693E-004
          48  -1.90000006E-04   4.4195827519169875E-004
          49  -1.30000000E-04   4.1905446970007043E-004
          50  -9.99999975E-06   4.4628020029026789E-004
          51   1.10000001E-04   4.2694975930009180E-004
          52   2.20000002E-04   4.2705554624446293E-004
          53   3.00000014E-04   4.5120669470327326E-004
          54   4.19999997E-04   4.4020362661322736E-004
          55   5.09999983E-04   4.3867512895658654E-004
          56   5.39999979E-04   4.2967948872050046E-004
          57   6.69999979E-04   4.4810954804656112E-004
          58   7.09999993E-04   4.4495639274057057E-004
          59   7.60000024E-04   4.4566065321073747E-004
          60   8.09999998E-04   4.2831827800397603E-004
          61   8.90000025E-04   4.4620258846712305E-004
          62   9.29999980E-04   4.5108941887413579E-004
          63   9.80000012E-04   4.5993855049194219E-004
          64   9.89999971E-04   4.4540262391545599E-004
          65   9.69999994E-04   4.4264053110287403E-004
          66   9.10000002E-04   4.3832290438857591E-004
          67   7.50000007E-04   4.5958495618870956E-004
          68   6.20000006E-04   4.5803102575326895E-004
          69   4.90000006E-04   4.5444398846040788E-004
          70   3.39999999E-04   4.5561969970044102E-004
          71   3.00000014E-04   4.5496202080571192E-004
          72   2.39999994E-04   4.5761191519821893E-004
          73   2.20000002E-04   4.5801646904774032E-004
          74   1.90000006E-04   4.6368164528860290E-004
          75   1.59999996E-04   4.6648348620433624E-004
          76   9.00000014E-05   4.5976589684091604E-004
          77   1.40000004E-04   4.6704000645026410E-004
          78   1.50000007E-04   4.7819556781126063E-004
          79   1.90000006E-04   4.6061012860022256E-004
          80   1.69999999E-04   4.9428800731724410E-004
          81   1.30000000E-04   4.8542120160891049E-004
          82   9.99999975E-05   4.9011485966846883E-004
          83   3.99999990E-05   4.8145057134031297E-004
          84  -2.99999992E-05   4.7548836932842585E-004
          85  -5.99999985E-05   4.8056420078998224E-004
          86  -3.99999990E-05   4.9853887704588956E-004
          87   2.99999992E-05   4.8150686520693911E-004
          88  -9.99999975E-06   5.0082395765540719E-004
          89  -4.99999987E-05   4.7844756180515845E-004
          90   9.99999975E-06   4.8083437405949586E-004
          91   9.00000014E-05   5.0382274074803942E-004
          92   1.30000000E-04   5.0620817143444505E-004
          93   1.19999997E-04   5.1753330653169904E-004
          94   7.99999980E-05   5.0607288259600885E-004
          95   7.00000019E-05   5.2217134653065550E-004
          96   1.99999995E-05   5.1153042009323760E-004
          97   1.50000007E-04   4.9273138271367005E-004
          98   3.10000003E-04   5.3858849405369661E-004
          99   4.90000006E-04   5.1478522401531153E-004
         100   6.79999997E-04   5.4869476957641189E-004
         101   7.80000002E-04   5.2130089246067680E-004
         102   8.69999989E-04   5.4516179172981729E-004
         103   9.50000016E-04   5.3402554646114482E-004
         104   1.01999997E-03   5.6119794401591691E-004
         105   9.20000020E-04   5.3239135387139812E-004
