           1  0.278039992       3.0557959669170353E-004
           2  0.160650000       2.8222385552367866E-004
           3   9.28300023E-02   2.6726496477987428E-004
           4   5.36199994E-02   2.5472586356642532E-004
           5   3.08899991E-02   2.2941221165560623E-004
           6   1.77500006E-02   2.3123242368165906E-004
           7   1.01899998E-02   2.4409522437908646E-004
           8   5.78999985E-03   2.4106089263158518E-004
           9   3.26999999E-03   2.4471432232387607E-004
          10   1.88000000E-03   2.4055415920582544E-004
          11   9.59999976E-04   2.4806367922193713E-004
          12   2.60000001E-04   2.5186234953876549E-004
          13   4.99999987E-05   2.4947999844919050E-004
          14   9.99999975E-05   2.5661860105215945E-004
          15   2.69999990E-04   2.6745711545967087E-004
          16   2.89999996E-04   2.6402752617382902E-004
          17   2.30000005E-04   2.6419483405739226E-004
          18   2.99999992E-05   2.6070644606521193E-004
          19  -3.99999990E-05   2.6719804305189995E-004
          20  -9.99999975E-05   2.6708984449922221E-004
          21  -9.00000014E-05   2.4984752043098637E-004
          22   4.99999987E-05   2.6655467756447453E-004
          23  -4.99999987E-05   2.7000055435407317E-004
          24  -7.00000019E-05   2.7786802351916293E-004
          25   1.99999995E-04   2.7834175496099068E-004
          26   3.19999992E-04   2.8316284057330069E-004
          27   1.90000006E-04   2.8156305469254208E-004
          28  -2.99999992E-05   2.8113942596097441E-004
          29   2.30000005E-04   2.9917668131586349E-004
          30   3.39999999E-04   3.0355229553098039E-004
          31   1.80000003E-04   2.6760769587556480E-004
          32  -3.99999990E-05   2.8936297496655913E-004
          33   1.99999995E-05   2.9627829518487055E-004
          34  -1.99999995E-05   2.8307354709050116E-004
          35   1.50000007E-04   2.9857046989556333E-004
          36   2.60000001E-04   3.1245227657092172E-004
          37   1.99999995E-04   3.0919731429435821E-004
          38   2.80000007E-04   3.2000904697429848E-004
          39   7.99999980E-05   3.0875784719849983E-004
          40   1.30000000E-04   2.9863811582949356E-004
          41   3.90000001E-04   3.0889931565805255E-004
          42   2.80000007E-04   3.3646931230307006E-004
          43   4.90000006E-04   3.3451878773022340E-004
          44   3.19999992E-04   3.3222692048000681E-004
          45   7.00000019E-05   3.2584482754202773E-004
