           1  0.460130006       1.3142098227503832E-003
           2  0.421730012       1.3728592291349390E-003
           3  0.386539996       1.3534693439104049E-003
           4  0.354310006       1.3283771819019971E-003
           5  0.324770004       1.3197428204475877E-003
           6  0.297719985       1.3254821615183005E-003
           7  0.272940010       1.3371747306331525E-003
           8  0.250230014       1.2536678132858707E-003
           9  0.229430005       1.2499644337493660E-003
          10  0.210370004       1.2499897220991552E-003
          11  0.192910001       1.1981217326912643E-003
          12  0.176899999       1.2415786308899611E-003
          13  0.162220001       1.1826226784694418E-003
          14  0.148770005       1.1828368014023987E-003
          15  0.136419997       1.1270476098332967E-003
          16  0.125110000       1.1649183662558911E-003
          17  0.114720002       1.1273264554428073E-003
          18  0.105190001       1.1366252076571999E-003
          19   9.64500010E-02   1.1415213737320448E-003
          20   8.84300023E-02   1.0850250509192719E-003
          21   8.10699984E-02   1.1208083410610549E-003
          22   7.43300021E-02   1.0684984504165003E-003
          23   6.81499988E-02   1.0428545467666341E-003
          24   6.25000000E-02   1.0686952626721682E-003
          25   5.73300011E-02   1.0962442927717603E-003
          26   5.25799990E-02   1.0806036106919244E-003
          27   4.82500009E-02   1.0409265229448755E-003
          28   4.42899987E-02   1.0745406941428521E-003
          29   4.06400003E-02   1.0322339231615897E-003
          30   3.73100005E-02   1.0612643855580019E-003
          31   3.42600010E-02   1.0447648045983895E-003
          32   3.14799994E-02   1.0363929240900184E-003
          33   2.89399996E-02   1.0617704474121031E-003
          34   2.66399998E-02   1.0356804971025596E-003
          35   2.45399997E-02   1.0226785168840488E-003
          36   2.26300005E-02   1.0774856169023881E-003
          37   2.09100004E-02   1.0416800003346196E-003
          38   1.93499997E-02   1.0723220905373670E-003
          39   1.79200005E-02   1.0641423476554473E-003
          40   1.66299995E-02   1.0373752896711977E-003
          41   1.54499998E-02   1.0704366825613429E-003
          42   1.43900001E-02   1.0744667925302418E-003
          43   1.34199997E-02   1.0696390786599818E-003
          44   1.25200003E-02   1.1123284091679223E-003
          45   1.17100002E-02   1.0615028729202309E-003
          46   1.09500000E-02   1.1166886320026861E-003
          47   1.02300001E-02   1.1158776855694685E-003
          48   9.54999961E-03   1.0818688155859076E-003
          49   8.91999993E-03   1.0773769394202442E-003
          50   8.29999987E-03   1.0781252118967192E-003
          51   7.72000011E-03   1.0948766387261528E-003
          52   7.17000011E-03   1.1016945376558151E-003
          53   6.65999996E-03   1.0931773618257285E-003
          54   6.19000010E-03   1.1045987579891040E-003
          55   5.71000017E-03   1.0874724290643896E-003
          56   5.28000016E-03   1.1181094412398692E-003
          57   4.86000022E-03   1.0775894326980296E-003
          58   4.49000020E-03   1.0973825269464485E-003
          59   4.14999994E-03   1.0948330229377959E-003
          60   3.83000006E-03   1.0910419364365351E-003
          61   3.53000010E-03   1.1323324713768414E-003
          62   3.25000007E-03   1.1201366236153246E-003
          63   2.98000011E-03   1.0888758224293223E-003
          64   2.70000007E-03   1.1110222597698908E-003
          65   2.43999995E-03   1.1118506447368422E-003
          66   2.18999991E-03   1.1069360624779050E-003
          67   1.97000010E-03   1.1030911615482531E-003
          68   1.79000001E-03   1.0811494073881198E-003
          69   1.59999996E-03   1.0611288527416431E-003
          70   1.41000003E-03   1.0943575926965396E-003
          71   1.24999997E-03   1.0226973189378283E-003
          72   1.12000003E-03   1.0929145736490278E-003
          73   1.01999997E-03   1.1199411741453582E-003
          74   9.20000020E-04   1.1074197748279738E-003
          75   8.29999975E-04   1.0844718482987249E-003
          76   7.69999984E-04   1.0565236998658373E-003
          77   7.30000029E-04   1.1071561568821099E-003
          78   6.99999975E-04   1.0584590702623895E-003
          79   6.60000020E-04   1.0812736793598759E-003
          80   6.39999984E-04   1.0973914809129810E-003
          81   6.30000024E-04   1.1012785309158950E-003
          82   6.39999984E-04   1.1050719144591035E-003
          83   6.20000006E-04   1.0795370225148762E-003
          84   6.09999988E-04   1.1218219948701206E-003
          85   6.00000028E-04   1.1221382567510089E-003
          86   5.69999975E-04   1.1152327377551784E-003
          87   5.30000019E-04   1.1411912672041602E-003
          88   4.90000006E-04   1.1285446450531511E-003
          89   4.29999985E-04   1.1091310677940533E-003
          90   3.39999999E-04   1.0948825542445014E-003
          91   2.50000012E-04   1.0495905630749202E-003
          92   1.50000007E-04   1.1026534141269496E-003
          93   3.99999990E-05   1.0463905564354874E-003
          94  -3.99999990E-05   1.0871599151556608E-003
          95  -1.50000007E-04   1.0747065766441776E-003
          96  -2.60000001E-04   1.0990761178407288E-003
          97  -3.69999994E-04   1.0758169994566165E-003
          98  -4.69999999E-04   1.0831717422421546E-003
          99  -5.60000015E-04   1.0826645992544185E-003
         100  -6.20000006E-04   1.1060117825670488E-003
         101  -6.79999997E-04   1.0727223343899727E-003
         102  -7.30000029E-04   1.1200351398869166E-003
         103  -7.69999984E-04   1.0983602933408890E-003
         104  -7.80000002E-04   1.0969375598233885E-003
         105  -7.80000002E-04   1.0993805905006623E-003
         106  -7.60000024E-04   1.0871198487974827E-003
         107  -7.30000029E-04   1.0618201760569791E-003
         108  -6.90000015E-04   1.0864426267775172E-003
         109  -6.20000006E-04   1.0207058844780930E-003
         110  -5.90000011E-04   1.0866360182556530E-003
         111  -5.49999997E-04   1.0854667198414065E-003
         112  -5.09999983E-04   1.0995704136208431E-003
         113  -4.60000010E-04   1.0513273983685999E-003
         114  -4.19999997E-04   1.0652764196711910E-003
         115  -3.80000012E-04   1.0885298997119351E-003
         116  -3.39999999E-04   1.1082766769840316E-003
         117  -3.00000014E-04   1.0758613865833736E-003
         118  -2.69999990E-04   1.0655090340706498E-003
         119  -2.39999994E-04   1.0541649751099418E-003
         120  -2.20000002E-04   1.0978452417712537E-003
         121  -1.99999995E-04   1.0880088222461829E-003
         122  -1.59999996E-04   1.1380466322441084E-003
         123  -1.19999997E-04   1.0525004863153047E-003
         124  -9.00000014E-05   1.0940460101911244E-003
         125  -7.00000019E-05   1.1087559890748063E-003
         126  -7.00000019E-05   1.1406712824630369E-003
         127  -4.99999987E-05   1.1464054540286847E-003
         128   0.00000000       1.1212520123134743E-003
         129   1.99999995E-05   1.1198028904206014E-003
         130   3.99999990E-05   1.1607904120871349E-003
         131   4.99999987E-05   1.1029427948642707E-003
         132   5.99999985E-05   1.1442076995993231E-003
         133   7.99999980E-05   1.1633868989356479E-003
         134   9.00000014E-05   1.1383318746060358E-003
         135   1.19999997E-04   1.1349775120059562E-003
         136   1.40000004E-04   1.1729137002614420E-003
         137   1.50000007E-04   1.1706458435987472E-003
         138   1.50000007E-04   1.1660679713908315E-003
         139   1.50000007E-04   1.1463064764453625E-003
         140   1.40000004E-04   1.1948476726665604E-003
         141   1.50000007E-04   1.1834774618255128E-003
         142   1.40000004E-04   1.1343990741159216E-003
         143   1.30000000E-04   1.1501882379776546E-003
         144   1.30000000E-04   1.1410131949370806E-003
         145   1.50000007E-04   1.1404858940158443E-003
         146   1.90000006E-04   1.1549741567368288E-003
         147   2.09999998E-04   1.1709924323474244E-003
         148   2.50000012E-04   1.1767397280988989E-003
         149   2.89999996E-04   1.1452924725954125E-003
         150   3.19999992E-04   1.1648670985330675E-003
         151   3.49999988E-04   1.1125699535098092E-003
         152   4.10000008E-04   1.1309997093301701E-003
         153   4.60000010E-04   1.1772831670182574E-003
         154   5.20000001E-04   1.1506682170057303E-003
         155   5.79999993E-04   1.1448680146029654E-003
         156   6.39999984E-04   1.1468600807221859E-003
         157   6.99999975E-04   1.1114196119834474E-003
         158   7.60000024E-04   1.1006775035262597E-003
         159   8.20000016E-04   1.1441358073358777E-003
         160   8.90000025E-04   1.1564473058632528E-003
         161   9.59999976E-04   1.1627573456844318E-003
         162   1.06000004E-03   1.0966426297510082E-003
         163   1.16999994E-03   1.1501012501176657E-003
         164   1.30999996E-03   1.1593423549910340E-003
         165   1.44000002E-03   1.1439220367292994E-003
         166   1.56000000E-03   1.1370141513807398E-003
         167   1.67999999E-03   1.1373188008846646E-003
         168   1.79999997E-03   1.2040565307869142E-003
         169   1.91999995E-03   1.1312971770514383E-003
         170   2.00999994E-03   1.2037099081042316E-003
         171   2.08000001E-03   1.0964837714693963E-003
         172   2.15000007E-03   1.0995455576040714E-003
         173   2.19999999E-03   1.1311859857774918E-003
         174   2.25999998E-03   1.1758348563001687E-003
         175   2.31999997E-03   1.1489704844857389E-003
         176   2.37999996E-03   1.1633546574990549E-003
         177   2.46999995E-03   1.1049528384197791E-003
         178   2.54000002E-03   1.1573476746086851E-003
         179   2.58999993E-03   1.1805194025282381E-003
         180   2.60000001E-03   1.1450495762034059E-003
         181   2.61000008E-03   1.1403756837642129E-003
         182   2.64000008E-03   1.2017421388883797E-003
         183   2.67000007E-03   1.1890699475170623E-003
         184   2.68999999E-03   1.1940992338740780E-003
         185   2.70000007E-03   1.1691608565914194E-003
         186   2.73000007E-03   1.2014821326698857E-003
         187   2.74999999E-03   1.2046341901780408E-003
         188   2.76999990E-03   1.2395053886418283E-003
         189   2.82000005E-03   1.1987991309815600E-003
         190   2.86999997E-03   1.2491116916454621E-003
         191   2.92000012E-03   1.2330215484836269E-003
         192   2.95000011E-03   1.2458083870234423E-003
         193   2.94000003E-03   1.2246305789941820E-003
         194   2.92000012E-03   1.2537674119634072E-003
         195   2.89999996E-03   1.1854134456011673E-003
         196   2.86999997E-03   1.2098664771804544E-003
         197   2.85000005E-03   1.2794819543578795E-003
         198   2.85000005E-03   1.2376567322729018E-003
         199   2.85000005E-03   1.2264325540177826E-003
         200   2.83999997E-03   1.2554443806474739E-003
         201   2.82999990E-03   1.2225245472935224E-003
         202   2.79999990E-03   1.2618839077960554E-003
         203   2.74999999E-03   1.2432049818008307E-003
         204   2.70000007E-03   1.1892997519623940E-003
         205   2.64999992E-03   1.2395526798682198E-003
         206   2.61999993E-03   1.2435308365740035E-003
         207   2.57000001E-03   1.2352046454962423E-003
         208   2.52000010E-03   1.2224700338006043E-003
         209   2.45000003E-03   1.2700771827991631E-003
         210   2.36000004E-03   1.1878649258052394E-003
         211   2.21999991E-03   1.1977824430005051E-003
         212   2.08000001E-03   1.1933762375864626E-003
         213   1.93000003E-03   1.2192010075430214E-003
         214   1.76999997E-03   1.2110508545817189E-003
         215   1.59000000E-03   1.1851272120516805E-003
         216   1.39999995E-03   1.2812390556378021E-003
         217   1.18999998E-03   1.2441126737685077E-003
         218   9.80000012E-04   1.2684634369500430E-003
         219   7.80000002E-04   1.2528099226657124E-003
         220   5.69999975E-04   1.2985367100023493E-003
         221   3.49999988E-04   1.1980667973616917E-003
         222   1.80000003E-04   1.3090407832130160E-003
         223   3.99999990E-05   1.2745810489616103E-003
         224  -9.00000014E-05   1.2567928243393664E-003
         225  -2.20000002E-04   1.3070950096193087E-003
         226  -3.30000010E-04   1.3113010184354159E-003
         227  -4.79999988E-04   1.2684491503093525E-003
         228  -6.09999988E-04   1.3124368792381946E-003
         229  -7.50000007E-04   1.3245054099067417E-003
         230  -8.80000007E-04   1.2652457527547480E-003
         231  -1.03000004E-03   1.3267858944639780E-003
         232  -1.18999998E-03   1.3011798844168251E-003
         233  -1.35999999E-03   1.2827797688493049E-003
         234  -1.53999997E-03   1.3322804838772297E-003
         235  -1.70000002E-03   1.2845886365025041E-003
         236  -1.85000000E-03   1.3631462680826316E-003
         237  -1.99000002E-03   1.2716999425707392E-003
         238  -2.09999993E-03   1.3262335653191444E-003
         239  -2.18999991E-03   1.3245356187771341E-003
         240  -2.30999989E-03   1.3135725082167092E-003
         241  -2.40000011E-03   1.2901297552643418E-003
         242  -2.49000010E-03   1.3252430432694432E-003
         243  -2.55999994E-03   1.2762630819850690E-003
         244  -2.58999993E-03   1.2609290217646602E-003
         245  -2.61999993E-03   1.2900923138908073E-003
         246  -2.64000008E-03   1.2571999269665572E-003
         247  -2.66000000E-03   1.2169667144808281E-003
         248  -2.70999991E-03   1.2517304039546216E-003
         249  -2.74999999E-03   1.2412641554228625E-003
         250  -2.77999998E-03   1.2564520853298121E-003
         251  -2.82000005E-03   1.2588354156696660E-003
         252  -2.85000005E-03   1.1963655174621795E-003
         253  -2.86999997E-03   1.2224701065688868E-003
         254  -2.89999996E-03   1.2306278635949134E-003
         255  -2.94000003E-03   1.2408361133210742E-003
         256  -2.97000003E-03   1.2374650090810802E-003
         257  -3.01999995E-03   1.2173483242134541E-003
         258  -3.06000002E-03   1.2695659197684899E-003
         259  -3.07999994E-03   1.2427716907231227E-003
         260  -3.12000001E-03   1.2128457365079125E-003
         261  -3.12000001E-03   1.2269507019988474E-003
         262  -3.13000008E-03   1.2651841593648090E-003
         263  -3.10000009E-03   1.2613092970873555E-003
         264  -3.06000002E-03   1.2758114007300830E-003
         265  -2.98999995E-03   1.2577971777983702E-003
         266  -2.92000012E-03   1.2727200533857556E-003
         267  -2.83999997E-03   1.2620111151323697E-003
         268  -2.76000006E-03   1.2388091432063010E-003
         269  -2.67999992E-03   1.2490193116333117E-003
         270  -2.58000009E-03   1.2792530585993842E-003
         271  -2.46000011E-03   1.2758183257465892E-003
         272  -2.34999997E-03   1.2903288448697699E-003
         273  -2.22999998E-03   1.3535948873181875E-003
         274  -2.09999993E-03   1.3405877496617791E-003
         275  -1.99000002E-03   1.3270790636276000E-003
         276  -1.87000004E-03   1.3333628042789625E-003
         277  -1.73999998E-03   1.3659656545148319E-003
         278  -1.59999996E-03   1.3452609105469042E-003
         279  -1.44000002E-03   1.3700026906652170E-003
         280  -1.29000004E-03   1.3583786273626516E-003
         281  -1.13999995E-03   1.3208376797151072E-003
         282  -1.01000001E-03   1.3148433931963362E-003
         283  -8.99999985E-04   1.3050704384128518E-003
         284  -8.20000016E-04   1.2935362791659990E-003
         285  -7.50000007E-04   1.3473008183923075E-003
