           1  0.335460007       3.4909702194628255E-004
           2  0.229069993       3.2815958130226523E-004
           3  0.156440005       3.1332817665008001E-004
           4  0.106919996       2.8798075619901385E-004
           5   7.31500015E-02   2.7444511421507078E-004
           6   5.00699989E-02   2.7595060960852703E-004
           7   3.42600010E-02   2.7155792494142474E-004
           8   2.34600008E-02   2.8474152926690171E-004
           9   1.61499996E-02   2.7825895724918750E-004
          10   1.10799996E-02   2.7283702801571253E-004
          11   7.73999980E-03   2.7584218713579004E-004
          12   5.40000014E-03   2.6893000762266310E-004
          13   3.83000006E-03   2.8142833154642325E-004
          14   2.79000006E-03   2.7685496165963825E-004
          15   2.09000008E-03   2.8235380681188618E-004
          16   1.61000004E-03   2.9350124450203558E-004
          17   1.23000005E-03   2.8758051142365392E-004
          18   9.80000012E-04   2.9085118885571238E-004
          19   8.80000007E-04   2.7225845238647029E-004
          20   7.50000007E-04   2.8962056419748711E-004
          21   6.60000020E-04   2.8459045208922200E-004
          22   5.90000011E-04   2.8447106100756647E-004
          23   4.40000003E-04   2.8194060915821747E-004
          24   3.00000014E-04   2.7774664648570996E-004
          25   3.99999990E-05   2.9193234978114227E-004
          26  -4.99999987E-05   2.9080542869026530E-004
          27  -1.59999996E-04   2.8925556573405458E-004
          28  -2.39999994E-04   3.0024052389732365E-004
          29  -2.80000007E-04   3.0812429314467071E-004
          30  -2.60000001E-04   3.1500485386795851E-004
          31  -1.50000007E-04   3.0761144862646048E-004
          32  -9.00000014E-05   3.0910670744491506E-004
          33  -1.19999997E-04   3.1886769289216283E-004
          34   9.99999975E-06   3.2302847071873016E-004
          35   1.10000001E-04   3.1968144222265887E-004
          36   2.30000005E-04   3.2203465055414198E-004
          37   3.10000003E-04   3.0947923118761108E-004
          38   3.19999992E-04   3.0360261654473176E-004
          39   1.99999995E-04   3.0309804502134100E-004
          40   9.00000014E-05   3.1341595885794779E-004
          41   9.99999975E-06   3.2178693899884722E-004
          42   5.99999985E-05   3.1975507941115264E-004
          43  -7.99999980E-05   3.1674513540794891E-004
          44  -1.30000000E-04   3.4529351195891709E-004
          45  -9.00000014E-05   3.3228285583476069E-004
          46  -1.30000000E-04   3.4320948393051781E-004
          47  -2.89999996E-04   3.3481690331409685E-004
          48  -4.19999997E-04   3.4669406267693096E-004
          49  -5.39999979E-04   3.4761855628085916E-004
          50  -6.09999988E-04   3.3786093993869930E-004
          51  -6.99999975E-04   3.4570994259411364E-004
          52  -6.69999979E-04   3.4418572911739845E-004
          53  -7.30000029E-04   3.6333162055012501E-004
          54  -7.60000024E-04   3.2825276592353983E-004
          55  -6.30000024E-04   3.3310956835250639E-004
          56  -5.49999997E-04   3.5731861767896925E-004
          57  -3.60000005E-04   3.5540232754204979E-004
          58  -4.19999997E-04   3.4478746629500596E-004
          59  -4.90000006E-04   3.7449981253566297E-004
          60  -4.60000010E-04   3.5195169694685725E-004
          61  -3.39999999E-04   3.4387902202617565E-004
          62  -4.29999985E-04   3.5704569450739285E-004
          63  -2.09999998E-04   3.7216517663434087E-004
          64  -5.99999985E-05   3.6533569991614240E-004
          65   7.00000019E-05   3.6762879547005479E-004
