           1  0.407970011       6.4027596747249420E-004
           2  0.334199995       6.2811588464199003E-004
           3  0.273779988       6.0410727069113866E-004
           4  0.224299997       5.9967618292675008E-004
           5  0.183640003       5.7351538372152680E-004
           6  0.150419995       5.5147434465511883E-004
           7  0.123240001       5.2773352723831752E-004
           8  0.100979999       4.9552693259875802E-004
           9   8.27500001E-02   5.0024556716503962E-004
          10   6.77900016E-02   4.8526636524376317E-004
          11   5.54400012E-02   4.8276829127958065E-004
          12   4.53299992E-02   4.8475938257366104E-004
          13   3.70899998E-02   4.7839149766020373E-004
          14   3.03700007E-02   4.6713203738775092E-004
          15   2.48199999E-02   4.7218385266287622E-004
          16   2.02500001E-02   4.7468003264543280E-004
          17   1.64899994E-02   4.7322036264329701E-004
          18   1.34199997E-02   5.0537390171170296E-004
          19   1.09400004E-02   4.8593814627598150E-004
          20   8.98000039E-03   4.7149651193855932E-004
          21   7.34000001E-03   4.7395837805194437E-004
          22   5.97999990E-03   4.7785751004775619E-004
          23   4.84000007E-03   4.7001067952962716E-004
          24   3.93000012E-03   4.6772213220761839E-004
          25   3.16000008E-03   4.7702701551403758E-004
          26   2.52000010E-03   4.5553398701787221E-004
          27   2.00000009E-03   4.7216484501676095E-004
          28   1.59999996E-03   4.8330307935553601E-004
          29   1.24000001E-03   4.8283545158344504E-004
          30   9.69999994E-04   4.7553293413713123E-004
          31   7.20000011E-04   4.6102032779309608E-004
          32   4.69999999E-04   4.6019910427334685E-004
          33   2.80000007E-04   4.7558521864689296E-004
          34   1.59999996E-04   4.7453867357801757E-004
          35   1.40000004E-04   4.9128893879207597E-004
          36   1.40000004E-04   4.5882564613970077E-004
          37   1.10000001E-04   4.5468693929507173E-004
          38   3.99999990E-05   4.7633519019879837E-004
          39  -2.99999992E-05   4.5542213008851990E-004
          40  -1.19999997E-04   4.4497242931805541E-004
          41  -1.40000004E-04   4.6349313902174170E-004
          42  -1.69999999E-04   4.5635807944419956E-004
          43  -1.19999997E-04   4.6755443325697046E-004
          44  -1.30000000E-04   4.5445997565821887E-004
          45  -7.99999980E-05   4.2802780510998588E-004
          46  -2.99999992E-05   4.2816118724342767E-004
          47   7.99999980E-05   4.8496692941008208E-004
          48   1.90000006E-04   4.7193755279977386E-004
          49   2.50000012E-04   4.5539643606769704E-004
          50   3.10000003E-04   4.8572330687851026E-004
          51   2.69999990E-04   4.6952695957716968E-004
          52   2.80000007E-04   4.8022643719805482E-004
          53   2.50000012E-04   4.7674163150175359E-004
          54   2.60000001E-04   5.0595432027271718E-004
          55   2.69999990E-04   4.9726550611487559E-004
          56   2.60000001E-04   4.9289163160283575E-004
          57   2.89999996E-04   4.8578239359350531E-004
          58   3.00000014E-04   5.0857017724306394E-004
          59   2.20000002E-04   5.0704416669732338E-004
          60   1.90000006E-04   5.0856355082389525E-004
          61   1.59999996E-04   5.1817736400279642E-004
          62   1.69999999E-04   5.1801841328629774E-004
          63   1.19999997E-04   5.1166157723852971E-004
          64   0.00000000       4.9935650741044532E-004
          65  -1.10000001E-04   4.8264339351158930E-004
          66  -2.09999998E-04   4.8983168806700954E-004
          67  -3.30000010E-04   5.0665520318296238E-004
          68  -3.69999994E-04   5.1088683951463630E-004
          69  -3.99999990E-04   5.0155219148976832E-004
          70  -4.10000008E-04   4.9897209601646527E-004
          71  -3.80000012E-04   5.1730654729559170E-004
          72  -3.80000012E-04   5.2227745309374885E-004
          73  -3.39999999E-04   5.1415865057076893E-004
          74  -2.80000007E-04   5.1417016677947412E-004
          75  -1.90000006E-04   5.2814549156632881E-004
          76  -1.10000001E-04   5.3683677398271923E-004
          77  -1.99999995E-05   5.0917226062521814E-004
          78   7.00000019E-05   5.4581129210798786E-004
          79   1.80000003E-04   5.4018043721991177E-004
          80   2.39999994E-04   5.3594335712874855E-004
          81   2.80000007E-04   5.0752331173031448E-004
          82   3.99999990E-04   5.5970805059029163E-004
          83   5.20000001E-04   5.4345586970440548E-004
          84   6.39999984E-04   5.4873538167963555E-004
          85   6.90000015E-04   5.1953720518237850E-004
          86   7.60000024E-04   5.5257460864030527E-004
          87   8.09999998E-04   5.4088003944359367E-004
          88   8.29999975E-04   5.5560419898726158E-004
          89   8.50000011E-04   5.4832756444237591E-004
          90   8.69999989E-04   5.5916697920635754E-004
          91   8.90000025E-04   5.5350820910414543E-004
          92   8.50000011E-04   5.4989059700829147E-004
          93   7.69999984E-04   5.5541561037287417E-004
          94   6.99999975E-04   5.7561986917823555E-004
          95   6.00000028E-04   5.9070548224194599E-004
          96   5.69999975E-04   5.7913690566101521E-004
          97   5.30000019E-04   5.4869613026501025E-004
          98   4.69999999E-04   5.6813040262720450E-004
          99   4.49999992E-04   5.4528168278665664E-004
         100   4.79999988E-04   5.4434065406906837E-004
         101   5.79999993E-04   5.6138394736403535E-004
         102   6.50000002E-04   5.9625868176030989E-004
         103   6.99999975E-04   5.5791335371735418E-004
         104   7.09999993E-04   5.5778009418907290E-004
         105   7.39999989E-04   5.8603867841689513E-004
         106   7.50000007E-04   5.7821142625761354E-004
         107   7.20000011E-04   6.0257955923521598E-004
         108   6.99999975E-04   5.9280415975237664E-004
         109   6.69999979E-04   5.8922062755655804E-004
         110   6.60000020E-04   6.1657376750567266E-004
         111   6.90000015E-04   6.2268790079295241E-004
         112   6.90000015E-04   6.1807355567298757E-004
         113   6.50000002E-04   6.1780612794258062E-004
         114   6.79999997E-04   6.1561707771163991E-004
         115   6.39999984E-04   6.1515687789860142E-004
         116   5.90000011E-04   6.2710531751507823E-004
         117   5.79999993E-04   6.2464069276844296E-004
         118   6.09999988E-04   6.0117416951932490E-004
         119   5.00000024E-04   5.9623708905964909E-004
         120   3.49999988E-04   6.0462361183028336E-004
         121   2.39999994E-04   5.8410458740392910E-004
         122   2.39999994E-04   6.2307637586424822E-004
         123   1.69999999E-04   5.7224577200724717E-004
         124   1.40000004E-04   5.8334542419293911E-004
         125   7.99999980E-05   5.9728948971194621E-004
