           1  0.472519994       1.8219249554441489E-003
           2  0.444379985       1.8059579035635486E-003
           3  0.417919993       1.9084086237184364E-003
           4  0.393049985       1.8012167763797389E-003
           5  0.369639993       1.8115800155191796E-003
           6  0.347629994       1.7319881996113820E-003
           7  0.326920003       1.7835896172500340E-003
           8  0.307440013       1.7114777679356869E-003
           9  0.289130002       1.8154072257465517E-003
          10  0.271899998       1.6738104696887490E-003
          11  0.255710006       1.7246678792611735E-003
          12  0.240480006       1.7253892905218268E-003
          13  0.226140007       1.6904318184264684E-003
          14  0.212640002       1.7078204774764181E-003
          15  0.199929997       1.6720544897396885E-003
          16  0.187969998       1.6344408963379390E-003
          17  0.176719993       1.6447281041031554E-003
          18  0.166140005       1.5757828633834190E-003
          19  0.156179994       1.6217423955856164E-003
          20  0.146809995       1.5782561031838021E-003
          21  0.138009995       1.5787127135159784E-003
          22  0.129720002       1.5403940815981749E-003
          23  0.121940002       1.5921058364402147E-003
          24  0.114629999       1.5290762896282362E-003
          25  0.107749999       1.5075162409496489E-003
          26  0.101279996       1.5330160055011133E-003
          27   9.52000022E-02   1.5107472433601072E-003
          28   8.94799978E-02   1.4895411656161129E-003
          29   8.41099992E-02   1.4684674613834070E-003
          30   7.90499970E-02   1.5136310735061863E-003
          31   7.43099973E-02   1.4626276496991456E-003
          32   6.98499978E-02   1.4963664061630878E-003
          33   6.56500012E-02   1.4456169255933193E-003
          34   6.17199987E-02   1.4682886571330260E-003
          35   5.80199994E-02   1.4076165467977228E-003
          36   5.45400009E-02   1.4089317036391378E-003
          37   5.12700006E-02   1.4078621464707630E-003
          38   4.82000001E-02   1.4357385500647509E-003
          39   4.53100018E-02   1.4035983244261999E-003
          40   4.25999984E-02   1.4094924555043606E-003
          41   4.00500000E-02   1.4198519003884805E-003
          42   3.76599990E-02   1.4150997356855329E-003
          43   3.54200006E-02   1.3640653037559718E-003
          44   3.33099999E-02   1.3722674687634516E-003
          45   3.13300006E-02   1.4057227824137205E-003
          46   2.94599999E-02   1.4228200045990382E-003
          47   2.77100001E-02   1.3816981016009566E-003
          48   2.60700006E-02   1.3558900656911932E-003
          49   2.45200004E-02   1.3810254270169356E-003
          50   2.30500009E-02   1.3372093238841524E-003
          51   2.16600001E-02   1.3667640139323619E-003
          52   2.03499999E-02   1.3592309712066330E-003
          53   1.91399995E-02   1.3825038223654064E-003
          54   1.79999992E-02   1.3743374215009832E-003
          55   1.69300009E-02   1.4076615864817715E-003
          56   1.59300007E-02   1.3703276732874375E-003
          57   1.49900001E-02   1.2765402066823716E-003
          58   1.41099999E-02   1.3622658190408394E-003
          59   1.32900001E-02   1.3989262326696294E-003
          60   1.25200003E-02   1.3684930013523142E-003
          61   1.18000004E-02   1.4108715444481757E-003
          62   1.11199999E-02   1.4418542035464312E-003
          63   1.04999999E-02   1.4090296259478689E-003
          64   9.90999956E-03   1.3903589145385128E-003
          65   9.34999995E-03   1.4284322125014653E-003
          66   8.84000026E-03   1.4305785229243031E-003
          67   8.36999994E-03   1.4397154332254749E-003
          68   7.93999992E-03   1.4464231661609262E-003
          69   7.55000021E-03   1.4378319731765377E-003
          70   7.18999980E-03   1.4234646829495818E-003
          71   6.87000016E-03   1.4365734846873254E-003
          72   6.58999989E-03   1.4224595348405996E-003
          73   6.32999977E-03   1.4587566687471729E-003
          74   6.08999981E-03   1.3614748151466560E-003
          75   5.88000007E-03   1.4477241710517395E-003
          76   5.67999994E-03   1.4301098358959537E-003
          77   5.49999997E-03   1.3743434769621162E-003
          78   5.33000007E-03   1.4798038989224820E-003
          79   5.17999986E-03   1.4377899082127668E-003
          80   5.03000012E-03   1.3647652322900238E-003
          81   4.90000006E-03   1.4837143661720169E-003
          82   4.79000015E-03   1.3938783062186172E-003
          83   4.68999986E-03   1.4687976805543975E-003
          84   4.60000010E-03   1.3640230867999108E-003
          85   4.51999996E-03   1.4312857161401023E-003
          86   4.43999982E-03   1.4633822662886240E-003
          87   4.36000014E-03   1.4349349936843170E-003
          88   4.30000015E-03   1.4348807822997225E-003
          89   4.23000008E-03   1.3841004640961639E-003
          90   4.17000009E-03   1.3604156333749105E-003
          91   4.11000010E-03   1.4400962879093627E-003
          92   4.04000003E-03   1.3872391653512045E-003
          93   3.95999989E-03   1.4592770449728444E-003
          94   3.87999997E-03   1.4176764154110264E-003
          95   3.80000006E-03   1.3445919280243050E-003
          96   3.74000007E-03   1.4148047358484217E-003
          97   3.68000008E-03   1.4360939220236292E-003
          98   3.61000001E-03   1.4425027069518658E-003
          99   3.53999995E-03   1.4529942716209575E-003
         100   3.46000004E-03   1.4332278713762611E-003
         101   3.37999989E-03   1.3830340950309094E-003
         102   3.29999998E-03   1.4437183684499967E-003
         103   3.21000000E-03   1.3633840572364964E-003
         104   3.13000008E-03   1.3975667266986976E-003
         105   3.06000002E-03   1.4173262897906977E-003
         106   2.98000011E-03   1.4067564877227946E-003
         107   2.92000012E-03   1.3915417881096165E-003
         108   2.85999989E-03   1.3995898855345471E-003
         109   2.79999990E-03   1.3837894012986613E-003
         110   2.73999991E-03   1.4648415826698162E-003
         111   2.67000007E-03   1.4582262044287783E-003
         112   2.61000008E-03   1.3412831410512123E-003
         113   2.54000002E-03   1.4708273410963210E-003
         114   2.48000002E-03   1.3667143455690768E-003
         115   2.42000003E-03   1.4123302146772079E-003
         116   2.39000004E-03   1.4352920997139512E-003
         117   2.36999989E-03   1.4845236466390133E-003
         118   2.36000004E-03   1.4527042094960075E-003
         119   2.36000004E-03   1.4869785116127315E-003
         120   2.36999989E-03   1.4129962949477393E-003
         121   2.39000004E-03   1.4358759796983362E-003
         122   2.40999996E-03   1.4758698956197302E-003
         123   2.45000003E-03   1.4666992881339947E-003
         124   2.48000002E-03   1.4799421565224315E-003
         125   2.51000002E-03   1.5284305160448283E-003
         126   2.54000002E-03   1.5089926405291814E-003
         127   2.57000001E-03   1.4774703279942100E-003
         128   2.58999993E-03   1.5252959564338159E-003
         129   2.61999993E-03   1.4646308894111315E-003
         130   2.64000008E-03   1.4812191188151545E-003
         131   2.64999992E-03   1.4503621025509109E-003
         132   2.66000000E-03   1.4898769127996733E-003
         133   2.66000000E-03   1.5319230529683404E-003
         134   2.66000000E-03   1.5060013228308685E-003
         135   2.64000008E-03   1.5230840869897005E-003
         136   2.63000000E-03   1.4978308898581029E-003
         137   2.61000008E-03   1.4715812076321537E-003
         138   2.58000009E-03   1.5089146964798600E-003
         139   2.55000009E-03   1.5388331365732289E-003
         140   2.54000002E-03   1.4664087737944955E-003
         141   2.52999994E-03   1.5119240340934509E-003
         142   2.51000002E-03   1.4372027790791578E-003
         143   2.51000002E-03   1.4882394601817102E-003
         144   2.49999994E-03   1.4899494149952263E-003
         145   2.49000010E-03   1.4333375536039262E-003
         146   2.49000010E-03   1.5140643829180628E-003
         147   2.48000002E-03   1.5354762570429941E-003
         148   2.46999995E-03   1.4725673627319458E-003
         149   2.45000003E-03   1.5528329424629196E-003
         150   2.42000003E-03   1.5191049061517767E-003
         151   2.39000004E-03   1.5023680932140665E-003
         152   2.34999997E-03   1.4738310986546249E-003
         153   2.31999997E-03   1.5090332299693065E-003
         154   2.28999997E-03   1.5167121276307776E-003
         155   2.24999990E-03   1.5316140316158152E-003
         156   2.21999991E-03   1.5034545020511962E-003
         157   2.18000007E-03   1.4979274793069897E-003
         158   2.14000000E-03   1.5335601170779552E-003
         159   2.09000008E-03   1.4663334568791619E-003
         160   2.03000009E-03   1.5522036246389855E-003
         161   1.97000010E-03   1.4975816739501374E-003
         162   1.90999999E-03   1.4689048541251476E-003
         163   1.82999996E-03   1.5208376160031599E-003
         164   1.75000005E-03   1.4875220566017561E-003
         165   1.67000003E-03   1.5143680811898676E-003
         166   1.59000000E-03   1.4502802654682467E-003
         167   1.50999997E-03   1.4481450053259854E-003
         168   1.42999995E-03   1.4181517199412851E-003
         169   1.35999999E-03   1.5293565371020444E-003
         170   1.29000004E-03   1.5399294338333139E-003
         171   1.23000005E-03   1.4565460548286559E-003
         172   1.15000003E-03   1.5168340080736632E-003
         173   1.09000003E-03   1.4679186272923647E-003
         174   1.03000004E-03   1.5328372328641037E-003
         175   9.59999976E-04   1.4521802376761170E-003
         176   8.80000007E-04   1.5108752057459963E-003
         177   7.99999980E-04   1.5310153873069519E-003
         178   7.30000029E-04   1.5345037726613795E-003
         179   6.50000002E-04   1.5498637978757482E-003
         180   5.60000015E-04   1.5536547206017881E-003
         181   4.69999999E-04   1.5272412113009777E-003
         182   3.69999994E-04   1.5235721564041778E-003
         183   2.80000007E-04   1.5678867130799502E-003
         184   1.80000003E-04   1.5110315284352852E-003
         185   1.10000001E-04   1.5145552734362746E-003
         186   3.99999990E-05   1.4821445183154699E-003
         187  -9.99999975E-06   1.5315191389308424E-003
         188  -7.99999980E-05   1.5015874962559213E-003
         189  -1.50000007E-04   1.5384747369634301E-003
         190  -2.20000002E-04   1.4852066016184265E-003
         191  -3.00000014E-04   1.4706419363364283E-003
         192  -3.90000001E-04   1.5218615957007962E-003
         193  -4.79999988E-04   1.4954329468096941E-003
         194  -5.60000015E-04   1.4894143076044609E-003
         195  -6.50000002E-04   1.4230465958320103E-003
         196  -7.30000029E-04   1.4452128411432694E-003
         197  -8.09999998E-04   1.5134653725714243E-003
         198  -8.80000007E-04   1.4987567690140594E-003
         199  -9.29999980E-04   1.4988140977174802E-003
         200  -9.89999971E-04   1.4849431410620673E-003
         201  -1.04999996E-03   1.4294628150862089E-003
         202  -1.09000003E-03   1.4238143884905052E-003
         203  -1.12999999E-03   1.4806814381038867E-003
         204  -1.15999999E-03   1.4199998775860710E-003
         205  -1.18000002E-03   1.4393629579157559E-003
         206  -1.18999998E-03   1.4186813842223666E-003
         207  -1.21999998E-03   1.4176085361518802E-003
         208  -1.23000005E-03   1.4577271173768279E-003
         209  -1.23000005E-03   1.4257399333008254E-003
         210  -1.24000001E-03   1.4045490964195129E-003
         211  -1.24000001E-03   1.4493069676590063E-003
         212  -1.21999998E-03   1.4338705258258398E-003
         213  -1.20000006E-03   1.4321248058573575E-003
         214  -1.16999994E-03   1.4302741228951396E-003
         215  -1.12999999E-03   1.4179032241764425E-003
         216  -1.09000003E-03   1.4312047904864145E-003
         217  -1.04999996E-03   1.4378125987892071E-003
         218  -1.01999997E-03   1.3426509549009560E-003
         219  -9.80000012E-04   1.4238580941656792E-003
         220  -9.50000016E-04   1.3928729623265978E-003
         221  -9.20000020E-04   1.4571986972393425E-003
         222  -8.90000025E-04   1.4264696390999131E-003
         223  -8.59999971E-04   1.4300061126408048E-003
         224  -8.29999975E-04   1.4380335611438606E-003
         225  -8.09999998E-04   1.4310777488228056E-003
         226  -7.90000020E-04   1.5130349062402937E-003
         227  -7.69999984E-04   1.5352069665967570E-003
         228  -7.50000007E-04   1.4405861017952068E-003
         229  -7.20000011E-04   1.5045631361925752E-003
         230  -6.90000015E-04   1.4500634266765649E-003
         231  -6.50000002E-04   1.4420338383534766E-003
         232  -6.09999988E-04   1.4990327617501597E-003
         233  -5.49999997E-04   1.5140413045135281E-003
         234  -5.00000024E-04   1.4914256604099828E-003
         235  -4.60000010E-04   1.5218291278605086E-003
         236  -4.19999997E-04   1.4911361260162297E-003
         237  -3.69999994E-04   1.4473280637384972E-003
         238  -3.19999992E-04   1.5660102263883740E-003
         239  -2.60000001E-04   1.5462702982064543E-003
         240  -1.90000006E-04   1.4542597458427331E-003
         241  -1.30000000E-04   1.4982050429820481E-003
         242  -5.99999985E-05   1.5447157169883017E-003
         243   0.00000000       1.5346143549673028E-003
         244   3.99999990E-05   1.5464965381798189E-003
         245   7.99999980E-05   1.5753748667688609E-003
         246   1.30000000E-04   1.5448650325357641E-003
         247   1.69999999E-04   1.5657973381097813E-003
         248   1.99999995E-04   1.5414421110592595E-003
         249   2.20000002E-04   1.5292016858106515E-003
         250   2.50000012E-04   1.5547988482336312E-003
         251   2.69999990E-04   1.5259818695519786E-003
         252   3.00000014E-04   1.5580171041975135E-003
         253   3.10000003E-04   1.5429212623450223E-003
         254   3.10000003E-04   1.6079063744760080E-003
         255   3.00000014E-04   1.6095469074740459E-003
         256   2.89999996E-04   1.5528517992608063E-003
         257   2.80000007E-04   1.5405786112341279E-003
         258   2.50000012E-04   1.5514295443852619E-003
         259   2.09999998E-04   1.5506759862469780E-003
         260   1.69999999E-04   1.5653065554155309E-003
         261   9.99999975E-05   1.5841752644438255E-003
         262   3.99999990E-05   1.6157959064820265E-003
         263  -1.99999995E-05   1.6221177702807261E-003
         264  -9.00000014E-05   1.6186807984100756E-003
         265  -1.69999999E-04   1.6742183740735188E-003
         266  -2.60000001E-04   1.5427003097428220E-003
         267  -3.39999999E-04   1.6512926856610531E-003
         268  -4.19999997E-04   1.6345379330843597E-003
         269  -5.09999983E-04   1.5734509710486505E-003
         270  -5.79999993E-04   1.6180695342890394E-003
         271  -6.50000002E-04   1.6261697954398093E-003
         272  -7.09999993E-04   1.6052849938736956E-003
         273  -7.69999984E-04   1.6025630007656818E-003
         274  -8.39999993E-04   1.6246419805331775E-003
         275  -9.20000020E-04   1.6598555385155789E-003
         276  -1.00000005E-03   1.5781859097472788E-003
         277  -1.07999996E-03   1.6200839069759455E-003
         278  -1.15999999E-03   1.6330439378858621E-003
         279  -1.24000001E-03   1.6781345978608261E-003
         280  -1.32000004E-03   1.5832674464465477E-003
         281  -1.35999999E-03   1.6266563232029557E-003
         282  -1.42999995E-03   1.5851903768609671E-003
         283  -1.50000001E-03   1.6243413395978722E-003
         284  -1.56000000E-03   1.6778548938358498E-003
         285  -1.62999996E-03   1.5889362519433746E-003
         286  -1.70999998E-03   1.5567229126826818E-003
         287  -1.79999997E-03   1.5749096454849712E-003
         288  -1.90999999E-03   1.5713321176517834E-003
         289  -2.02000001E-03   1.5950522817718324E-003
         290  -2.12999992E-03   1.5999530048213381E-003
         291  -2.24000006E-03   1.5651613507315246E-003
         292  -2.36000004E-03   1.6188494407282084E-003
         293  -2.48000002E-03   1.5947638599390181E-003
         294  -2.61000008E-03   1.6735192919197005E-003
         295  -2.71999999E-03   1.6035636924310987E-003
         296  -2.83999997E-03   1.6687182771309287E-003
         297  -2.98000011E-03   1.6062178090010006E-003
         298  -3.10999993E-03   1.5965316617063592E-003
         299  -3.22999991E-03   1.5619726581680502E-003
         300  -3.34000005E-03   1.6412176547558070E-003
         301  -3.43999988E-03   1.6416888288201784E-003
         302  -3.50999995E-03   1.5499284072938828E-003
         303  -3.56000010E-03   1.6793601926179738E-003
         304  -3.61000001E-03   1.6466190476545077E-003
         305  -3.64000001E-03   1.6498199477407284E-003
         306  -3.67000001E-03   1.6524662871543702E-003
         307  -3.68000008E-03   1.6227304273834422E-003
         308  -3.68000008E-03   1.6359051422622721E-003
         309  -3.67000001E-03   1.6737410157720998E-003
         310  -3.65999993E-03   1.6752855337229613E-003
         311  -3.65999993E-03   1.6707442651162972E-003
         312  -3.64000001E-03   1.6442968347903171E-003
         313  -3.62000009E-03   1.5928119104193343E-003
         314  -3.59999994E-03   1.5902672960942891E-003
         315  -3.56999994E-03   1.6390776656534389E-003
         316  -3.52000003E-03   1.6527150709409035E-003
         317  -3.47999996E-03   1.6386566455048905E-003
         318  -3.41999996E-03   1.5919731529127254E-003
         319  -3.34000005E-03   1.6573225980966999E-003
         320  -3.26999999E-03   1.6398262803467806E-003
         321  -3.21000000E-03   1.6922410457891064E-003
         322  -3.13999993E-03   1.6207519889771447E-003
         323  -3.07999994E-03   1.6967338674581723E-003
         324  -3.01999995E-03   1.6593869548772286E-003
         325  -2.97000003E-03   1.6849914485991273E-003
         326  -2.92000012E-03   1.6671920687365777E-003
         327  -2.85999989E-03   1.6411864435581028E-003
         328  -2.79000006E-03   1.6448288647520684E-003
         329  -2.71999999E-03   1.6245652147659647E-003
         330  -2.64999992E-03   1.6914864168919754E-003
         331  -2.58000009E-03   1.6768641814773786E-003
         332  -2.49000010E-03   1.7221239684322407E-003
         333  -2.40999996E-03   1.7477725939798554E-003
         334  -2.33000005E-03   1.7910431912170678E-003
         335  -2.24999990E-03   1.7689493147327112E-003
         336  -2.16999999E-03   1.6974606788602048E-003
         337  -2.08000001E-03   1.8101297074278758E-003
         338  -2.00000009E-03   1.7131742537851563E-003
         339  -1.93000003E-03   1.8048992533620896E-003
         340  -1.85000000E-03   1.7292662641245687E-003
         341  -1.78000005E-03   1.7455359008544996E-003
         342  -1.70999998E-03   1.6785628907184029E-003
         343  -1.64000003E-03   1.7211284817341217E-003
         344  -1.58000004E-03   1.7056259767526266E-003
         345  -1.50000001E-03   1.7393721595953388E-003
         346  -1.42999995E-03   1.7436401798706417E-003
         347  -1.36999995E-03   1.7587156815473102E-003
         348  -1.30999996E-03   1.7061804974404669E-003
         349  -1.24999997E-03   1.7111280645307140E-003
         350  -1.21000002E-03   1.7115751194008997E-003
         351  -1.15999999E-03   1.7846722456012199E-003
         352  -1.10999995E-03   1.7453504684755907E-003
         353  -1.07000000E-03   1.7953813212372620E-003
         354  -1.01999997E-03   1.7759008710809502E-003
         355  -9.80000012E-04   1.7739094231163830E-003
         356  -9.39999998E-04   1.8192948692205590E-003
         357  -8.99999985E-04   1.7457587371668855E-003
         358  -8.59999971E-04   1.7650178860696508E-003
         359  -8.39999993E-04   1.7754894211831219E-003
         360  -8.29999975E-04   1.7303439589953741E-003
         361  -8.29999975E-04   1.8146249650434511E-003
         362  -8.50000011E-04   1.7408542386641267E-003
         363  -8.80000007E-04   1.7639178868803485E-003
         364  -9.39999998E-04   1.7474076029297334E-003
         365  -9.89999971E-04   1.7522397411390512E-003
         366  -1.07000000E-03   1.7975007587162069E-003
         367  -1.15000003E-03   1.7605815542720367E-003
         368  -1.23000005E-03   1.8082908114529107E-003
         369  -1.30999996E-03   1.7673266426447051E-003
         370  -1.39999995E-03   1.8322235962902845E-003
         371  -1.50000001E-03   1.8157485481131018E-003
         372  -1.59000000E-03   1.8222893264588319E-003
         373  -1.67000003E-03   1.8012339091388685E-003
         374  -1.76999997E-03   1.8357883416543356E-003
         375  -1.84000004E-03   1.8646356602015296E-003
         376  -1.90000003E-03   1.7917502429383256E-003
         377  -1.93000003E-03   1.8684069799406429E-003
         378  -1.93999999E-03   1.8384326863614554E-003
         379  -1.94999995E-03   1.8218093015263423E-003
         380  -1.96000002E-03   1.9021979168601085E-003
         381  -1.96000002E-03   1.8208396618473769E-003
         382  -1.93999999E-03   1.8430169325603697E-003
         383  -1.90000003E-03   1.9030609267555419E-003
         384  -1.85999996E-03   1.8899923773795448E-003
         385  -1.82000000E-03   1.9167689312729627E-003
         386  -1.78000005E-03   1.8317813120840366E-003
         387  -1.76999997E-03   1.8556864095437046E-003
         388  -1.75000005E-03   1.9313638003574738E-003
         389  -1.76000001E-03   1.9443509274083936E-003
         390  -1.75000005E-03   1.8828141951211931E-003
         391  -1.75000005E-03   1.8894390101292251E-003
         392  -1.76000001E-03   1.9179265889698142E-003
         393  -1.79999997E-03   1.9613691610621195E-003
         394  -1.82999996E-03   1.9785247948547217E-003
         395  -1.88000000E-03   1.9684503525833853E-003
         396  -1.93999999E-03   1.8883479157414691E-003
         397  -2.00999994E-03   1.9848453557109540E-003
         398  -2.08000001E-03   1.9111809486073157E-003
         399  -2.16999999E-03   1.9269474778772552E-003
         400  -2.24999990E-03   1.9078355959522594E-003
         401  -2.34999997E-03   1.8469662465599689E-003
         402  -2.46000011E-03   1.9831643505869466E-003
         403  -2.58000009E-03   1.9656579961889456E-003
         404  -2.70999991E-03   1.9884161788461365E-003
         405  -2.85999989E-03   1.9649791910355272E-003
