           1  0.170369998       2.8221755797474928E-004
           2   6.48600012E-02   2.5517366186171157E-004
           3   2.49099992E-02   2.4095905912330126E-004
           4   9.58999991E-03   2.4158700838695311E-004
           5   3.59000009E-03   2.3104071899339730E-004
           6   1.39999995E-03   2.4935722283047859E-004
           7   7.09999993E-04   2.4823744369765891E-004
           8   5.00000024E-04   2.4171251219686133E-004
           9   1.80000003E-04   2.4443137236690010E-004
          10  -7.00000019E-05   2.4840379381988945E-004
          11  -4.99999987E-05   2.5898853578492081E-004
          12  -5.20000001E-04   2.6962786772584342E-004
          13  -5.20000001E-04   2.7221042861156133E-004
          14   9.99999975E-06   2.7019905342550029E-004
          15   3.00000014E-04   2.6451923951368819E-004
          16   3.90000001E-04   2.7013521004928267E-004
          17   1.69999999E-04   2.7644697060597435E-004
          18   5.69999975E-04   2.8520286906181716E-004
          19   6.39999984E-04   2.9265897432121778E-004
          20   4.19999997E-04   3.0792278373567111E-004
          21  -3.99999990E-05   3.2055314658888486E-004
          22  -2.39999994E-04   3.1189571912971402E-004
          23  -7.00000019E-05   3.1741593404862640E-004
          24  -2.89999996E-04   3.3872457370628104E-004
          25  -3.99999990E-04   3.2951004022467508E-004
