           1  0.427469999       7.8355853922713805E-004
           2  0.367269993       7.7458600036867738E-004
           3  0.315530002       7.6389515837281855E-004
           4  0.271050006       7.5880631618113141E-004
           5  0.232840002       7.4701731573478477E-004
           6  0.200020000       7.1106931666317197E-004
           7  0.171800002       6.8815901488138772E-004
           8  0.147550002       6.7915383052514339E-004
           9  0.126760006       6.6649973319802159E-004
          10  0.108889997       6.4785248640763322E-004
          11   9.35299993E-02   6.3142319075263904E-004
          12   8.02799985E-02   6.2666361277642039E-004
          13   6.88700005E-02   5.9496577270242335E-004
          14   5.90699986E-02   6.1431879679229987E-004
          15   5.06599993E-02   5.9503674549106001E-004
          16   4.34900001E-02   5.8385691488244953E-004
          17   3.73199992E-02   5.8345633943391283E-004
          18   3.20199989E-02   5.5655152515871531E-004
          19   2.74500009E-02   5.7037191343493898E-004
          20   2.35099997E-02   5.7872798016886222E-004
          21   2.00999994E-02   5.6284838136347695E-004
          22   1.71700008E-02   5.4591317594002641E-004
          23   1.46500003E-02   5.4479612830495580E-004
          24   1.24800000E-02   5.3179173274414584E-004
          25   1.06199998E-02   5.2761581998151926E-004
          26   9.01000015E-03   5.5280296625602563E-004
          27   7.66000012E-03   5.6069200280868764E-004
          28   6.50000013E-03   5.5976820088110676E-004
          29   5.51000005E-03   5.7399493310689815E-004
          30   4.66000009E-03   5.5163163726286630E-004
          31   3.93000012E-03   5.5876791203383588E-004
          32   3.29999998E-03   5.8815176615780189E-004
          33   2.76000006E-03   5.8540356298682076E-004
          34   2.30999989E-03   5.6750444784857607E-004
          35   1.93999999E-03   5.9052747036442198E-004
          36   1.59999996E-03   5.4934642777246939E-004
          37   1.30000000E-03   5.5506375885364871E-004
          38   1.04999996E-03   5.8979955400674695E-004
          39   7.80000002E-04   5.8803562343180389E-004
          40   5.49999997E-04   5.7574323444729511E-004
          41   3.60000005E-04   5.9476016110001024E-004
          42   2.39999994E-04   5.7283402139939651E-004
          43   1.30000000E-04   5.9877584759368552E-004
          44   2.99999992E-05   5.6894031534226270E-004
          45  -1.99999995E-05   5.4375802596998634E-004
          46  -7.99999980E-05   5.6619679936633076E-004
          47  -1.90000006E-04   5.7532678174572461E-004
          48  -2.80000007E-04   5.8671200976746145E-004
          49  -3.60000005E-04   5.6608500995628658E-004
          50  -4.10000008E-04   5.4806903475673697E-004
          51  -4.79999988E-04   5.6063008335380986E-004
          52  -5.30000019E-04   5.5739787703285037E-004
          53  -5.79999993E-04   5.8390717561460710E-004
          54  -6.20000006E-04   5.8154988425071768E-004
          55  -6.20000006E-04   5.7873130585369412E-004
          56  -6.20000006E-04   5.9399851476726179E-004
          57  -6.09999988E-04   5.9876641017488378E-004
          58  -5.90000011E-04   6.0249809645230689E-004
          59  -6.20000006E-04   5.7755173491806763E-004
          60  -6.50000002E-04   5.8971353584196190E-004
          61  -6.99999975E-04   5.8803946382152670E-004
          62  -7.60000024E-04   6.0364849362496103E-004
          63  -8.29999975E-04   6.1643976447713913E-004
          64  -8.59999971E-04   6.0489360708827387E-004
          65  -8.80000007E-04   6.3027917833478788E-004
          66  -8.80000007E-04   5.8876446811560257E-004
          67  -8.69999989E-04   6.0626646777486957E-004
          68  -8.59999971E-04   6.1582533826519533E-004
          69  -8.50000011E-04   6.0395487992068804E-004
          70  -7.90000020E-04   5.9849736232552074E-004
          71  -6.90000015E-04   5.8661242705297287E-004
          72  -6.00000028E-04   5.9787549117193937E-004
          73  -5.09999983E-04   6.3023752226554338E-004
          74  -3.90000001E-04   6.0997284608160524E-004
          75  -3.00000014E-04   5.8489305122785818E-004
          76  -1.99999995E-04   5.9231586284960269E-004
          77  -9.99999975E-05   6.1154335749399468E-004
          78   2.99999992E-05   6.0435557315184629E-004
          79   1.30000000E-04   6.0422994031023437E-004
          80   2.09999998E-04   6.2559218723939631E-004
          81   3.10000003E-04   6.2221380867096140E-004
          82   4.19999997E-04   5.9307216476556365E-004
          83   4.49999992E-04   6.3929795356266268E-004
          84   4.60000010E-04   6.3685213053173617E-004
          85   4.19999997E-04   6.0807481554045679E-004
          86   3.90000001E-04   6.2956835013063765E-004
          87   3.30000010E-04   6.4774195782154383E-004
          88   2.20000002E-04   6.5125170673876066E-004
          89   1.19999997E-04   6.3292148735223837E-004
          90   3.99999990E-05   6.4498639678728441E-004
          91  -1.99999995E-05   6.6739367545364566E-004
          92  -9.00000014E-05   6.7014293054440475E-004
          93  -1.19999997E-04   6.6348033258247039E-004
          94  -1.59999996E-04   6.6541437346146349E-004
          95  -2.60000001E-04   6.4530172188105789E-004
          96  -3.10000003E-04   6.5383487181271138E-004
          97  -3.30000010E-04   6.7055703525858903E-004
          98  -3.19999992E-04   6.6584726238936925E-004
          99  -2.80000007E-04   6.6985826058472042E-004
         100  -2.69999990E-04   6.6208226843972459E-004
         101  -2.69999990E-04   6.7561099936621694E-004
         102  -2.60000001E-04   7.0431786879794351E-004
         103  -2.60000001E-04   6.9251612063693643E-004
         104  -2.80000007E-04   6.9296658453503175E-004
         105  -2.60000001E-04   6.8610577993878901E-004
         106  -2.60000001E-04   7.0343485860762344E-004
         107  -2.39999994E-04   7.0204844634935736E-004
         108  -1.99999995E-04   6.7600497709994134E-004
         109  -1.90000006E-04   7.2460868710255146E-004
         110  -2.20000002E-04   6.9589397110497665E-004
         111  -2.50000012E-04   7.1917724293361961E-004
         112  -2.89999996E-04   7.0622279313745171E-004
         113  -3.00000014E-04   7.2177210251048445E-004
         114  -2.69999990E-04   7.2560815825749910E-004
         115  -2.30000005E-04   7.0567450566877399E-004
         116  -2.20000002E-04   7.2682731454260733E-004
         117  -1.80000003E-04   7.2785280663852385E-004
         118  -1.80000003E-04   7.2336007768837194E-004
         119  -1.40000004E-04   7.0000311956380031E-004
         120  -9.99999975E-05   6.9310845171726516E-004
         121  -4.99999987E-05   7.1972767953753624E-004
         122  -3.99999990E-05   7.1417855558592416E-004
         123  -4.99999987E-05   7.1782133768969489E-004
         124  -4.99999987E-05   7.3091253931046912E-004
         125  -7.00000019E-05   7.3097776272910910E-004
         126  -7.00000019E-05   7.3689602464503288E-004
         127  -1.40000004E-04   6.8964467540624818E-004
         128  -1.19999997E-04   7.2911855808639227E-004
         129  -9.00000014E-05   6.9202462748652331E-004
         130  -4.99999987E-05   7.1948678949993600E-004
         131  -9.99999975E-06   7.1449496798841380E-004
         132  -9.99999975E-06   7.5140488727857050E-004
         133  -3.99999990E-05   7.2737737899186130E-004
         134  -7.99999980E-05   7.4274078616399738E-004
         135  -1.19999997E-04   7.2579884355090430E-004
         136  -1.90000006E-04   7.4375834054886609E-004
         137  -1.99999995E-04   7.2682891485724812E-004
         138  -2.60000001E-04   7.4878083778007881E-004
         139  -3.10000003E-04   7.3881431186902970E-004
         140  -3.69999994E-04   7.5948547078760623E-004
         141  -3.90000001E-04   7.2718231163910248E-004
         142  -3.60000005E-04   7.2842622102060862E-004
         143  -3.69999994E-04   7.4521174032035414E-004
         144  -3.99999990E-04   7.4244644224868539E-004
         145  -3.99999990E-04   7.5037153452776559E-004
         146  -4.49999992E-04   7.6173584534876260E-004
         147  -5.39999979E-04   7.3109658272079890E-004
         148  -5.90000011E-04   7.2800360139274568E-004
         149  -6.39999984E-04   7.5228829397691274E-004
         150  -6.90000015E-04   7.3294727129567404E-004
         151  -7.50000007E-04   7.6742413324945775E-004
         152  -7.60000024E-04   7.5615102229479550E-004
         153  -8.20000016E-04   7.8024223247810860E-004
         154  -8.29999975E-04   7.7672962548471793E-004
         155  -7.99999980E-04   7.8370299199698190E-004
         156  -7.69999984E-04   7.7306713676744427E-004
         157  -7.30000029E-04   7.5955004294079708E-004
         158  -6.79999997E-04   7.7090807633513889E-004
         159  -5.90000011E-04   7.5926618330691119E-004
         160  -4.90000006E-04   7.7375878555854740E-004
         161  -3.99999990E-04   7.3399655942434268E-004
         162  -3.19999992E-04   7.7554041090152929E-004
         163  -2.60000001E-04   7.6622784609432640E-004
         164  -1.99999995E-04   7.5754256443168362E-004
         165  -1.40000004E-04   7.4426365977622237E-004
