           1  0.460159987       1.4523615367582070E-003
           2  0.423940003       1.4327100375889508E-003
           3  0.390560001       1.4444432661726348E-003
           4  0.359809995       1.4301422642509533E-003
           5  0.331470013       1.4561249031905161E-003
           6  0.305350006       1.4090629067059041E-003
           7  0.281289995       1.4154075171893324E-003
           8  0.259119987       1.3643273455079994E-003
           9  0.238680005       1.4151226636023363E-003
          10  0.219840005       1.3293419618689052E-003
          11  0.202500001       1.3811703988391181E-003
          12  0.186550006       1.3422639029206885E-003
          13  0.171849996       1.3565844358985498E-003
          14  0.158319995       1.2872166828010072E-003
          15  0.145860001       1.2833191234694367E-003
          16  0.134369999       1.2655938741281407E-003
          17  0.123790003       1.2112328075355942E-003
          18  0.114030004       1.1926520135289225E-003
          19  0.105039999       1.2307544151057247E-003
          20   9.67499986E-02   1.1585942067407157E-003
          21   8.91299993E-02   1.1742104085133772E-003
          22   8.20999965E-02   1.1699653976555021E-003
          23   7.56099969E-02   1.1888123732941851E-003
          24   6.96199983E-02   1.1160646301446031E-003
          25   6.40999973E-02   1.1278094349721737E-003
          26   5.89900017E-02   1.0897429497784771E-003
          27   5.42699993E-02   1.1659458736228306E-003
          28   4.99299988E-02   1.0916008324205070E-003
          29   4.59100008E-02   1.1146926068044533E-003
          30   4.21800017E-02   1.0964198421318241E-003
          31   3.87299992E-02   1.0886720234400216E-003
          32   3.55499983E-02   1.0574178554903222E-003
          33   3.26099992E-02   1.1207480145426730E-003
          34   2.98900008E-02   1.0491946088323765E-003
          35   2.73899995E-02   1.0313819196531000E-003
          36   2.50700004E-02   1.0773614879666792E-003
          37   2.29400005E-02   1.0477558430875104E-003
          38   2.09800005E-02   1.0144127376337873E-003
          39   1.91900004E-02   1.0711591824389965E-003
          40   1.75500009E-02   1.0555651749778881E-003
          41   1.60399992E-02   1.0736658719132427E-003
          42   1.46199996E-02   1.0495731580145444E-003
          43   1.32999998E-02   1.0263334976419185E-003
          44   1.21099995E-02   1.1086769518198821E-003
          45   1.09999999E-02   1.0631448409753521E-003
          46   9.99000017E-03   1.0900899622842113E-003
          47   9.06000007E-03   1.1149248219409723E-003
          48   8.20000004E-03   1.0801149587580904E-003
          49   7.41000008E-03   1.0836695873043631E-003
          50   6.69000018E-03   1.1182540570731615E-003
          51   6.03999989E-03   1.0812503060366083E-003
          52   5.45000006E-03   1.1099299596840173E-003
          53   4.92000021E-03   1.1308844306554735E-003
          54   4.43999982E-03   1.1304891423539779E-003
          55   4.00999980E-03   1.0570716552735161E-003
          56   3.62999993E-03   1.1118815411314202E-003
          57   3.29999998E-03   1.1431791976461369E-003
          58   3.01999995E-03   1.1275040896882552E-003
          59   2.76999990E-03   1.0925975742514860E-003
          60   2.55000009E-03   1.1172522327056031E-003
          61   2.36999989E-03   1.1163358197038263E-003
          62   2.22999998E-03   1.1030032368627601E-003
          63   2.12999992E-03   1.0997749565112571E-003
          64   2.05000001E-03   1.0957328880480551E-003
          65   2.00000009E-03   1.1182443408261017E-003
          66   1.96000002E-03   1.1093806422373096E-003
          67   1.94999995E-03   1.0713530233786976E-003
          68   1.93999999E-03   1.1037297790837889E-003
          69   1.93000003E-03   1.0937116921826359E-003
          70   1.93000003E-03   1.1006473766702065E-003
          71   1.93999999E-03   1.1218076636494506E-003
          72   1.91999995E-03   1.1063099922815971E-003
          73   1.90000003E-03   1.0746439896074508E-003
          74   1.87000004E-03   1.0334262952880432E-003
          75   1.85000000E-03   1.0622414043990735E-003
          76   1.82000000E-03   1.0814553308363612E-003
          77   1.79999997E-03   1.1064343599805327E-003
          78   1.76999997E-03   1.0577285720346156E-003
          79   1.75000005E-03   1.0424430792176161E-003
          80   1.71999994E-03   1.0877054351004247E-003
          81   1.68999995E-03   1.0687103621686465E-003
          82   1.65999995E-03   1.1069884989240138E-003
          83   1.65999995E-03   1.0690667210787590E-003
          84   1.67000003E-03   1.0614361757916788E-003
          85   1.70999998E-03   1.0670442371595787E-003
          86   1.76000001E-03   1.0492852057177268E-003
          87   1.79999997E-03   1.0094343718518718E-003
          88   1.82999996E-03   1.0559124019670898E-003
          89   1.85000000E-03   1.0977850356291305E-003
          90   1.85999996E-03   1.0723105799958484E-003
          91   1.88000000E-03   1.0962722726013203E-003
          92   1.87000004E-03   1.1087948694541768E-003
          93   1.85000000E-03   1.0857284581752161E-003
          94   1.82000000E-03   1.0580050529174698E-003
          95   1.76999997E-03   1.0876600770722662E-003
          96   1.70000002E-03   1.1128727963259457E-003
          97   1.62999996E-03   1.1022867773522937E-003
          98   1.55000004E-03   1.0796510677987591E-003
          99   1.44999998E-03   1.0960443138316915E-003
         100   1.33999996E-03   1.1347622135476647E-003
         101   1.21999998E-03   1.0933776585879138E-003
         102   1.09999999E-03   1.1078931110085474E-003
         103   9.59999976E-04   1.1364124492670334E-003
         104   8.20000016E-04   1.1209805337603009E-003
         105   6.60000020E-04   1.1452790081483981E-003
         106   4.79999988E-04   1.1261798034650223E-003
         107   3.00000014E-04   1.1544640361980751E-003
         108   1.30000000E-04   1.1228054544642800E-003
         109  -9.99999975E-06   1.1554223248226383E-003
         110  -1.59999996E-04   1.1642252844153008E-003
         111  -2.89999996E-04   1.1737082717181745E-003
         112  -4.19999997E-04   1.1731764086530165E-003
         113  -5.49999997E-04   1.1844119024149835E-003
         114  -6.60000020E-04   1.1714862066254991E-003
         115  -7.69999984E-04   1.2274189784672628E-003
         116  -8.69999989E-04   1.2107560054986813E-003
         117  -9.39999998E-04   1.1784317708568807E-003
         118  -1.01000001E-03   1.2168378393946453E-003
         119  -1.06000004E-03   1.2022728032310434E-003
         120  -1.10999995E-03   1.2020288068971103E-003
         121  -1.15999999E-03   1.1798920495619605E-003
         122  -1.18000002E-03   1.2366926733437759E-003
         123  -1.18999998E-03   1.1486542027355729E-003
         124  -1.21000002E-03   1.2235250688454806E-003
         125  -1.20000006E-03   1.1984842318888554E-003
         126  -1.18000002E-03   1.2022126231655622E-003
         127  -1.15000003E-03   1.2015162466565631E-003
         128  -1.07999996E-03   1.2349412210025800E-003
         129  -1.01000001E-03   1.2204329274305562E-003
         130  -9.29999980E-04   1.1790343926307567E-003
         131  -8.50000011E-04   1.2160085074943319E-003
         132  -7.69999984E-04   1.1919384253568348E-003
         133  -6.99999975E-04   1.1951906405161460E-003
         134  -6.39999984E-04   1.1711108817636570E-003
         135  -5.79999993E-04   1.2013325653035189E-003
         136  -5.49999997E-04   1.1890721292782073E-003
         137  -5.20000001E-04   1.1539265376847932E-003
         138  -5.00000024E-04   1.2349394482605940E-003
         139  -4.69999999E-04   1.1329115805180521E-003
         140  -4.60000010E-04   1.1824793059659461E-003
         141  -4.40000003E-04   1.1067618358414485E-003
         142  -4.29999985E-04   1.1762468125724014E-003
         143  -4.40000003E-04   1.1791228934269016E-003
         144  -4.60000010E-04   1.1701433911532181E-003
         145  -5.00000024E-04   1.2205774020637393E-003
         146  -5.49999997E-04   1.2041972538957087E-003
         147  -5.90000011E-04   1.1587579562409190E-003
         148  -6.09999988E-04   1.1788429444911579E-003
         149  -6.60000020E-04   1.1405620932962775E-003
         150  -6.99999975E-04   1.2053465949071680E-003
         151  -7.20000011E-04   1.1867664939226332E-003
         152  -7.30000029E-04   1.2155911251271973E-003
         153  -7.39999989E-04   1.1789107526264915E-003
         154  -7.39999989E-04   1.1595936433064437E-003
         155  -7.50000007E-04   1.1377835693925347E-003
         156  -7.39999989E-04   1.1702727705729611E-003
         157  -7.50000007E-04   1.1629173245975121E-003
         158  -7.30000029E-04   1.1400165275837698E-003
         159  -6.99999975E-04   1.2010659938368176E-003
         160  -6.69999979E-04   1.1988601032626566E-003
         161  -6.60000020E-04   1.1371031022820875E-003
         162  -6.30000024E-04   1.1536583211700132E-003
         163  -6.20000006E-04   1.1798671784902532E-003
         164  -6.09999988E-04   1.1403227891007906E-003
         165  -5.79999993E-04   1.1607991446648117E-003
         166  -5.60000015E-04   1.1920353895427613E-003
         167  -5.69999975E-04   1.1980594163807773E-003
         168  -5.90000011E-04   1.2256200781192699E-003
         169  -6.39999984E-04   1.1334145766638641E-003
         170  -6.79999997E-04   1.1579972382199329E-003
         171  -7.20000011E-04   1.1492850802924332E-003
         172  -7.60000024E-04   1.1683354387385459E-003
         173  -7.80000002E-04   1.1842003459748480E-003
         174  -8.09999998E-04   1.2358845508858446E-003
         175  -8.29999975E-04   1.1821887175177978E-003
         176  -8.50000011E-04   1.1853712728236686E-003
         177  -8.59999971E-04   1.1793327949551691E-003
         178  -8.59999971E-04   1.1702317765552742E-003
         179  -8.59999971E-04   1.1390017815251479E-003
         180  -8.39999993E-04   1.1707562186666703E-003
         181  -8.20000016E-04   1.1565201346343046E-003
         182  -7.69999984E-04   1.2241568134996191E-003
         183  -7.20000011E-04   1.1840474444858515E-003
         184  -6.79999997E-04   1.1989482443194664E-003
         185  -6.30000024E-04   1.1964907282700291E-003
         186  -5.69999975E-04   1.2260725545933785E-003
         187  -5.20000001E-04   1.1743941174141822E-003
         188  -5.09999983E-04   1.1528429733410838E-003
         189  -4.90000006E-04   1.1591310989263225E-003
         190  -4.60000010E-04   1.1767647724981454E-003
         191  -4.29999985E-04   1.1372202867445239E-003
         192  -3.80000012E-04   1.1893772874893174E-003
         193  -3.10000003E-04   1.2162990111860793E-003
         194  -2.30000005E-04   1.2039649795187709E-003
         195  -1.10000001E-04   1.2053760946298111E-003
         196   9.99999975E-06   1.2417878104296635E-003
         197   1.59999996E-04   1.2209977427868985E-003
         198   2.80000007E-04   1.2285830762220997E-003
         199   4.10000008E-04   1.2312532652094643E-003
         200   5.49999997E-04   1.2697974575993137E-003
         201   6.69999979E-04   1.2175937430306579E-003
         202   7.90000020E-04   1.1941018063378950E-003
         203   9.29999980E-04   1.1979016897560959E-003
         204   1.07999996E-03   1.1757354481445629E-003
         205   1.24000001E-03   1.1560732320185143E-003
         206   1.39999995E-03   1.1887369453045906E-003
         207   1.53999997E-03   1.1602964370654926E-003
         208   1.64999999E-03   1.1953044074369372E-003
         209   1.73999998E-03   1.1997040852680483E-003
         210   1.82000000E-03   1.2405843800371256E-003
         211   1.85999996E-03   1.1891119516006809E-003
         212   1.90999999E-03   1.2025541449734033E-003
         213   1.93000003E-03   1.2097594846913096E-003
         214   1.93999999E-03   1.2309624686492415E-003
         215   1.93000003E-03   1.1838688854016021E-003
         216   1.90999999E-03   1.2495849198648293E-003
         217   1.88000000E-03   1.2327397340300074E-003
         218   1.84000004E-03   1.2960227273981699E-003
         219   1.79999997E-03   1.2077984166306746E-003
         220   1.76000001E-03   1.1998015774645496E-003
         221   1.71999994E-03   1.2063682529991559E-003
         222   1.67999999E-03   1.2405172682396013E-003
         223   1.62000000E-03   1.2055087496405160E-003
         224   1.56000000E-03   1.2539493446992373E-003
         225   1.52000005E-03   1.2676805157459156E-003
         226   1.46000006E-03   1.1832119192310903E-003
         227   1.42999995E-03   1.2461375514299909E-003
         228   1.41000003E-03   1.1864006338418017E-003
         229   1.36999995E-03   1.2374587362254201E-003
         230   1.32000004E-03   1.2500791666891010E-003
         231   1.27999997E-03   1.2454215648808910E-003
         232   1.24999997E-03   1.1987653379797326E-003
         233   1.24999997E-03   1.2842984164471664E-003
         234   1.26000005E-03   1.2313524809183765E-003
         235   1.27000001E-03   1.2378710572666703E-003
         236   1.29000004E-03   1.2013600899016975E-003
         237   1.33999996E-03   1.2580677624708366E-003
         238   1.38000003E-03   1.2470593131136414E-003
         239   1.44000002E-03   1.2895181764686712E-003
         240   1.53000001E-03   1.2473218062292845E-003
         241   1.62000000E-03   1.2651983569316623E-003
         242   1.71999994E-03   1.2595983347488742E-003
         243   1.81000005E-03   1.2539270408054100E-003
         244   1.93000003E-03   1.2735365521909122E-003
         245   2.03000009E-03   1.2451308367617583E-003
         246   2.12000008E-03   1.3071595539012701E-003
         247   2.18999991E-03   1.2400169817859941E-003
         248   2.27000006E-03   1.2894044464403329E-003
         249   2.33000005E-03   1.2350123519530784E-003
         250   2.39000004E-03   1.3066585996711687E-003
         251   2.43000011E-03   1.2810991548916817E-003
         252   2.46000011E-03   1.3495501696278601E-003
         253   2.46000011E-03   1.3151672754716929E-003
         254   2.48000002E-03   1.2265825054627278E-003
         255   2.51000002E-03   1.2781547750677906E-003
         256   2.52000010E-03   1.3038924927167876E-003
         257   2.49000010E-03   1.2898418411579357E-003
         258   2.43999995E-03   1.3410364131435822E-003
         259   2.34999997E-03   1.3220549194155609E-003
         260   2.24000006E-03   1.3263404290018749E-003
         261   2.12000008E-03   1.2768876009216687E-003
         262   2.00000009E-03   1.3270716450521692E-003
         263   1.87000004E-03   1.3145017045256670E-003
         264   1.73999998E-03   1.3519158989994042E-003
         265   1.59999996E-03   1.3377548923935217E-003
         266   1.46000006E-03   1.4226511509536606E-003
         267   1.30999996E-03   1.3323391780031969E-003
         268   1.16999994E-03   1.3215738486701469E-003
         269   1.04999996E-03   1.3750174246815882E-003
         270   9.20000020E-04   1.3807672966994274E-003
         271   7.99999980E-04   1.3581430160797959E-003
         272   7.09999993E-04   1.3363353370541402E-003
         273   6.20000006E-04   1.4066361045436170E-003
         274   4.90000006E-04   1.4177964382581572E-003
         275   3.49999988E-04   1.3556833022441166E-003
         276   2.30000005E-04   1.4213812061438862E-003
         277   1.10000001E-04   1.3641810018666734E-003
         278   0.00000000       1.3491873507685771E-003
         279  -9.99999975E-05   1.3609845205798893E-003
         280  -1.69999999E-04   1.3687938750944631E-003
         281  -2.39999994E-04   1.4001122165932128E-003
         282  -3.10000003E-04   1.3674081886219398E-003
         283  -3.60000005E-04   1.3877265790944941E-003
         284  -3.80000012E-04   1.3721558179741718E-003
         285  -3.99999990E-04   1.3585632657507252E-003
         286  -4.19999997E-04   1.3923550236501548E-003
         287  -4.40000003E-04   1.3752105154000260E-003
         288  -4.60000010E-04   1.4143420642973299E-003
         289  -4.49999992E-04   1.4050704701174214E-003
         290  -4.49999992E-04   1.3584504640013059E-003
         291  -4.60000010E-04   1.4578199443980075E-003
         292  -4.69999999E-04   1.3880962654587770E-003
         293  -4.79999988E-04   1.4147352653884700E-003
         294  -4.69999999E-04   1.3644461191598177E-003
         295  -4.40000003E-04   1.4400140502736618E-003
         296  -4.19999997E-04   1.4259972351935871E-003
         297  -3.99999990E-04   1.4271341725181990E-003
         298  -4.10000008E-04   1.3728028939488384E-003
         299  -3.99999990E-04   1.4090035340263232E-003
         300  -4.19999997E-04   1.4182264565928717E-003
         301  -4.60000010E-04   1.3911566710923021E-003
         302  -4.90000006E-04   1.4026470711063009E-003
         303  -5.09999983E-04   1.2843517647042400E-003
         304  -5.39999979E-04   1.3102921721300808E-003
         305  -5.90000011E-04   1.3002292233943761E-003
