           1  0.437299997       9.2500502666384985E-004
           2  0.382180005       8.8229993951669634E-004
           3  0.334030002       8.6502857118111651E-004
           4  0.291949987       8.2824273372174653E-004
           5  0.255190015       8.4330450073994096E-004
           6  0.223079994       8.2935172428244368E-004
           7  0.194999993       8.0384189814533113E-004
           8  0.170460001       7.5116362721220340E-004
           9  0.149020001       7.3970610813637867E-004
          10  0.130270004       7.0882411394684029E-004
          11  0.113860004       7.3518018464203635E-004
          12   9.95199978E-02   7.0809627767334847E-004
          13   8.69600028E-02   6.9052897631081435E-004
          14   7.59899989E-02   6.8984775120950600E-004
          15   6.63599968E-02   6.9556959071570904E-004
          16   5.79899997E-02   6.6030800997814588E-004
          17   5.07000014E-02   6.6635965507822620E-004
          18   4.43600006E-02   6.7087035041968866E-004
          19   3.88699993E-02   6.4792742136117226E-004
          20   3.40700001E-02   6.7730232778025526E-004
          21   2.98699997E-02   6.4385047646158813E-004
          22   2.62199994E-02   6.6288558228453775E-004
          23   2.30500009E-02   6.3980795793838741E-004
          24   2.03099996E-02   6.4493248380469419E-004
          25   1.78999994E-02   6.6862875539995200E-004
          26   1.58300009E-02   6.5250922870675645E-004
          27   1.40000004E-02   6.6053773590274661E-004
          28   1.23899998E-02   6.7593262190526065E-004
          29   1.09700002E-02   6.8316390881805215E-004
          30   9.75000020E-03   6.7507365445492829E-004
          31   8.67999997E-03   6.6005694996921355E-004
          32   7.74999987E-03   6.7714166894244682E-004
          33   6.94999984E-03   7.0378122223552599E-004
          34   6.16999995E-03   6.4408446047030626E-004
          35   5.51000005E-03   6.6999048289250482E-004
          36   4.90000006E-03   6.8930966746720231E-004
          37   4.36000014E-03   6.6937667638145373E-004
          38   3.83000006E-03   7.0448535409800605E-004
          39   3.34999990E-03   6.8509153795503965E-004
          40   2.89999996E-03   7.1266543213200663E-004
          41   2.49999994E-03   6.8991578870838629E-004
          42   2.12000008E-03   7.0075622621242322E-004
          43   1.73000002E-03   6.7631542313608057E-004
          44   1.39999995E-03   7.0587592310412961E-004
          45   1.09999999E-03   6.7829585643583835E-004
          46   8.39999993E-04   6.7339006870254935E-004
          47   6.09999988E-04   6.7915890087824453E-004
          48   4.19999997E-04   6.6258775243428260E-004
          49   2.50000012E-04   6.8733466401587609E-004
          50   1.19999997E-04   6.8686919395190391E-004
          51  -1.99999995E-05   6.8519399342411658E-004
          52  -1.19999997E-04   7.1533209084660037E-004
          53  -2.20000002E-04   6.7155527616888898E-004
          54  -2.80000007E-04   6.8417843626755520E-004
          55  -3.39999999E-04   6.7821788169381730E-004
          56  -3.80000012E-04   6.9344221377536249E-004
          57  -4.19999997E-04   7.0609754032152541E-004
          58  -4.49999992E-04   6.8426398318825786E-004
          59  -4.40000003E-04   7.0742922134990930E-004
          60  -4.29999985E-04   7.0944782212401284E-004
          61  -4.19999997E-04   7.2533410805816257E-004
          62  -3.90000001E-04   6.8162871109249119E-004
          63  -3.60000005E-04   7.3032822957315013E-004
          64  -3.60000005E-04   6.9677533827769509E-004
          65  -3.80000012E-04   7.1101057634299436E-004
          66  -3.69999994E-04   7.2578469020006631E-004
          67  -3.30000010E-04   7.2275438443664217E-004
          68  -2.80000007E-04   7.1426384097436580E-004
          69  -2.60000001E-04   7.0519949195679474E-004
          70  -2.09999998E-04   7.1846118187277313E-004
          71  -2.20000002E-04   7.2263325604556483E-004
          72  -2.09999998E-04   7.4592806307254304E-004
          73  -2.09999998E-04   7.3329900151966674E-004
          74  -2.20000002E-04   7.4321114896047267E-004
          75  -2.30000005E-04   7.2456118683294937E-004
          76  -2.09999998E-04   7.2520594179356168E-004
          77  -1.99999995E-04   7.0113251671098935E-004
          78  -1.40000004E-04   7.2309276397295916E-004
          79  -9.99999975E-05   7.1337948296634312E-004
          80  -3.99999990E-05   7.1708477263358503E-004
          81   0.00000000       7.1785344161801371E-004
          82   1.10000001E-04   7.3213669791842226E-004
          83   1.90000006E-04   7.2770732327277006E-004
          84   2.69999990E-04   7.0085149613957100E-004
          85   3.39999999E-04   7.3735619085493721E-004
          86   3.49999988E-04   7.2672893019135368E-004
          87   3.49999988E-04   6.7957045809173609E-004
          88   3.60000005E-04   7.0584435055301442E-004
          89   3.69999994E-04   7.2589067132407107E-004
          90   4.10000008E-04   7.1431887454086976E-004
          91   4.60000010E-04   7.2049977259264989E-004
          92   5.09999983E-04   7.6407404360637557E-004
          93   5.60000015E-04   7.3068649324461055E-004
          94   6.09999988E-04   7.3029427906484159E-004
          95   6.69999979E-04   7.2872375058716124E-004
          96   6.90000015E-04   7.0302572596859288E-004
          97   7.30000029E-04   7.1401430942537531E-004
          98   7.60000024E-04   6.8907449794050276E-004
          99   7.39999989E-04   7.2877309163339428E-004
         100   7.39999989E-04   7.0129254953674061E-004
         101   7.60000024E-04   7.1334385473482737E-004
         102   7.80000002E-04   6.9538813294714192E-004
         103   7.90000020E-04   6.8669279096154813E-004
         104   8.39999993E-04   7.0959255075144000E-004
         105   8.90000025E-04   7.0723002519568602E-004
         106   8.90000025E-04   7.0987142213126348E-004
         107   8.99999985E-04   7.2969463515158857E-004
         108   9.39999998E-04   7.1736807039399165E-004
         109   9.39999998E-04   7.1759067609999505E-004
         110   9.29999980E-04   7.2082371789121901E-004
         111   9.10000002E-04   7.5617986012889524E-004
         112   9.10000002E-04   7.3899859132537076E-004
         113   8.99999985E-04   7.1652056926473973E-004
         114   8.59999971E-04   7.5540882953479020E-004
         115   8.20000016E-04   7.7054594388317179E-004
         116   7.90000020E-04   7.5977452872670115E-004
         117   7.50000007E-04   7.6664051654005581E-004
         118   6.60000020E-04   7.4432804957126359E-004
         119   5.79999993E-04   7.8272063576755090E-004
         120   5.30000019E-04   7.6887131645295679E-004
         121   4.90000006E-04   7.6099144678228470E-004
         122   4.69999999E-04   7.3613631072712586E-004
         123   4.19999997E-04   7.5649222710024041E-004
         124   3.69999994E-04   7.5737765831137833E-004
         125   3.30000010E-04   7.5573621497175504E-004
         126   3.19999992E-04   7.3826661409373399E-004
         127   3.10000003E-04   7.6327165845746037E-004
         128   3.19999992E-04   7.6988190812400626E-004
         129   3.00000014E-04   7.5621124779730331E-004
         130   2.60000001E-04   7.4474176963330808E-004
         131   2.30000005E-04   7.5365821371320874E-004
         132   2.20000002E-04   7.5525883225952461E-004
         133   2.09999998E-04   7.4130292050049657E-004
         134   2.30000005E-04   7.5871382938546693E-004
         135   2.89999996E-04   7.5766583107966226E-004
         136   3.00000014E-04   7.6343668686493682E-004
         137   3.39999999E-04   7.7373369617893229E-004
         138   3.80000012E-04   7.7231376307267932E-004
         139   4.40000003E-04   7.5625908373123886E-004
         140   4.69999999E-04   7.3885438644761897E-004
         141   5.00000024E-04   7.7973457828634299E-004
         142   5.60000015E-04   7.2342125437959250E-004
         143   5.90000011E-04   7.9196701950027138E-004
         144   6.09999988E-04   7.6212843789355003E-004
         145   6.09999988E-04   7.3138099233250329E-004
         146   6.60000020E-04   7.7879431947663262E-004
         147   6.99999975E-04   7.8336116795403728E-004
         148   7.60000024E-04   7.9836527798155020E-004
         149   7.90000020E-04   7.9232612418148084E-004
         150   7.90000020E-04   7.5320600200607562E-004
         151   7.69999984E-04   7.9277021717559482E-004
         152   6.99999975E-04   8.1819634284099126E-004
         153   6.30000024E-04   7.9782473451384464E-004
         154   5.49999997E-04   7.7203672680739664E-004
         155   4.40000003E-04   8.0613204646753120E-004
         156   3.49999988E-04   8.2003636690046206E-004
         157   1.90000006E-04   7.9104925823476088E-004
         158   3.99999990E-05   8.4453885675108570E-004
         159  -5.99999985E-05   8.2370538368131295E-004
         160  -1.50000007E-04   8.4334101599875034E-004
         161  -2.39999994E-04   8.3554017544130120E-004
         162  -2.80000007E-04   8.4909832503742271E-004
         163  -3.10000003E-04   7.9526737862358756E-004
         164  -3.49999988E-04   7.9908517825340341E-004
         165  -3.99999990E-04   8.4966705471587812E-004
         166  -4.40000003E-04   8.1801033217400313E-004
         167  -4.69999999E-04   8.4517730629681594E-004
         168  -4.79999988E-04   8.0435747512033393E-004
         169  -4.79999988E-04   8.5793689730405539E-004
         170  -4.79999988E-04   8.1179734579686549E-004
         171  -4.49999992E-04   8.1952610724674599E-004
         172  -4.60000010E-04   8.6908025084640956E-004
         173  -4.49999992E-04   8.7187881353513984E-004
         174  -4.40000003E-04   8.7343538792629589E-004
         175  -3.80000012E-04   8.6591928410611194E-004
         176  -2.80000007E-04   8.8538346389692099E-004
         177  -2.09999998E-04   8.8404791338288712E-004
         178  -1.19999997E-04   9.1638916804013550E-004
         179  -1.99999995E-05   9.1233533724216823E-004
         180   9.99999975E-05   8.9039492350188225E-004
         181   2.30000005E-04   8.4846705187547917E-004
         182   3.39999999E-04   9.1377068285875874E-004
         183   4.40000003E-04   8.7737825832333587E-004
         184   5.49999997E-04   9.1199571818844933E-004
         185   6.69999979E-04   8.8962367358174233E-004
