           1  0.442470014       9.8785484822890902E-004
           2  0.391799986       1.0545861263932415E-003
           3  0.346949995       9.8642299958423031E-004
           4  0.307260007       9.2585601586456473E-004
           5  0.272139996       9.6330186507977741E-004
           6  0.241019994       9.4303054913799709E-004
           7  0.213469997       9.0390145837678849E-004
           8  0.189080000       9.0047706418238489E-004
           9  0.167520002       8.6821831405644321E-004
          10  0.148430005       8.9237629834042231E-004
          11  0.131549999       8.1668502920346012E-004
          12  0.116619997       8.5840279451360299E-004
          13  0.103349999       8.1058008980928434E-004
          14   9.16099995E-02   8.0987997076448041E-004
          15   8.12100023E-02   7.7521890518495091E-004
          16   7.19600022E-02   7.7489899365148899E-004
          17   6.37400001E-02   7.7183866761188717E-004
          18   5.64399995E-02   7.8714765798748479E-004
          19   4.99599986E-02   7.6413441793041551E-004
          20   4.42100018E-02   7.5655582661704349E-004
          21   3.91199999E-02   7.3682344640964368E-004
          22   3.45799997E-02   7.6677824374028270E-004
          23   3.05700004E-02   7.3968363938432379E-004
          24   2.70300005E-02   7.1223053562320259E-004
          25   2.38799993E-02   7.2600615768529631E-004
          26   2.10699998E-02   7.5800376024122906E-004
          27   1.85400005E-02   7.1317878942552437E-004
          28   1.62899997E-02   7.2652752801963911E-004
          29   1.42700002E-02   7.6064965428722581E-004
          30   1.24599999E-02   7.6038627663645424E-004
          31   1.08300000E-02   7.0652343719040825E-004
          32   9.35999956E-03   7.3964393275534638E-004
          33   8.03999975E-03   7.6383763482149210E-004
          34   6.87999977E-03   7.4648022677050016E-004
          35   5.85999992E-03   7.4080362330855641E-004
          36   4.92000021E-03   7.3507132590361498E-004
          37   4.08999994E-03   7.2546745923741387E-004
          38   3.38999997E-03   7.4156497722035184E-004
          39   2.76999990E-03   7.3270477220771177E-004
          40   2.22999998E-03   7.1358578125407888E-004
          41   1.73999998E-03   7.2950623983527782E-004
          42   1.27999997E-03   7.2842215354868218E-004
          43   8.69999989E-04   7.5275404595822270E-004
          44   5.09999983E-04   7.5484131052462014E-004
          45   1.99999995E-04   7.3127626842466693E-004
          46  -7.99999980E-05   7.0989236820048925E-004
          47  -3.39999999E-04   7.1072062000091126E-004
          48  -5.30000019E-04   7.5005939977880313E-004
          49  -6.90000015E-04   7.2079077922918488E-004
          50  -8.09999998E-04   7.1026697662634564E-004
          51  -9.10000002E-04   7.3143913975028975E-004
          52  -9.39999998E-04   7.0322003666615292E-004
          53  -9.59999976E-04   7.2091571834079855E-004
          54  -9.89999971E-04   7.2658119670031176E-004
          55  -1.01000001E-03   7.3751758069042720E-004
          56  -1.04000000E-03   7.3685694504472122E-004
          57  -1.06000004E-03   7.2986774981704833E-004
          58  -1.06000004E-03   7.1789530047913460E-004
          59  -1.07000000E-03   7.7031530408547440E-004
          60  -1.07000000E-03   7.8051334602088202E-004
          61  -1.09000003E-03   7.7165693483465458E-004
          62  -1.12999999E-03   7.4089359193561994E-004
          63  -1.18999998E-03   7.3635945736111948E-004
          64  -1.24000001E-03   7.5361853020898854E-004
          65  -1.27999997E-03   7.5447139905972314E-004
          66  -1.35000004E-03   7.5685778744205817E-004
          67  -1.38000003E-03   7.5924721311333352E-004
          68  -1.38000003E-03   7.7136416026305410E-004
          69  -1.41000003E-03   7.5011880402645569E-004
          70  -1.42999995E-03   7.5999076536381648E-004
          71  -1.44000002E-03   7.9991775743544101E-004
          72  -1.42999995E-03   7.8683751976201975E-004
          73  -1.42999995E-03   7.7619417014475247E-004
          74  -1.41000003E-03   7.8873886350671783E-004
          75  -1.38999999E-03   7.7422980372201665E-004
          76  -1.38000003E-03   7.6746240631521379E-004
          77  -1.32000004E-03   7.8170355661931208E-004
          78  -1.24000001E-03   8.0318919899570896E-004
          79  -1.15999999E-03   7.6355085866677635E-004
          80  -1.04999996E-03   7.6717018468705879E-004
          81  -9.50000016E-04   7.9537912087444644E-004
          82  -8.99999985E-04   8.0008170116746449E-004
          83  -8.59999971E-04   7.8721002005305036E-004
          84  -8.09999998E-04   7.7635149646489404E-004
          85  -7.39999989E-04   7.7498542365794733E-004
          86  -6.60000020E-04   7.5292209260903150E-004
          87  -5.90000011E-04   7.8633308723648849E-004
          88  -5.09999983E-04   7.7463835335727803E-004
          89  -4.40000003E-04   7.9092826254758457E-004
          90  -3.99999990E-04   7.9966915131208973E-004
          91  -3.69999994E-04   7.8792471178763324E-004
          92  -3.60000005E-04   7.9438202323869520E-004
          93  -3.10000003E-04   7.8044751399324237E-004
          94  -2.60000001E-04   7.7619755629970406E-004
          95  -2.20000002E-04   7.7545319612006144E-004
          96  -1.99999995E-04   7.8554173159032603E-004
          97  -2.09999998E-04   7.7441518152100990E-004
          98  -2.30000005E-04   7.8386482660829158E-004
          99  -2.69999990E-04   7.3633236273144202E-004
         100  -2.80000007E-04   7.7406203821223367E-004
         101  -3.00000014E-04   7.2891241708287948E-004
         102  -2.89999996E-04   7.6270341668020173E-004
         103  -2.89999996E-04   7.8659237474652181E-004
         104  -3.00000014E-04   7.5907915101363949E-004
         105  -2.80000007E-04   7.6243968857400333E-004
         106  -2.30000005E-04   7.8520459722267611E-004
         107  -1.80000003E-04   7.7075202300041308E-004
         108  -1.10000001E-04   7.7103563398896494E-004
         109  -5.99999985E-05   7.8716424273093705E-004
         110  -9.99999975E-06   8.0775879236866623E-004
         111  -2.99999992E-05   7.9047689457306821E-004
         112  -4.99999987E-05   8.0030580835830658E-004
         113  -7.00000019E-05   7.7372291367224844E-004
         114  -7.99999980E-05   7.9145240172937719E-004
         115  -5.99999985E-05   7.9573956159170853E-004
         116  -7.99999980E-05   7.9453089995852003E-004
         117  -1.19999997E-04   8.0065227491054659E-004
         118  -1.30000000E-04   8.0631769033502674E-004
         119  -1.59999996E-04   8.0225408110848101E-004
         120  -1.99999995E-04   7.9741079888445395E-004
         121  -2.09999998E-04   8.3388387381390025E-004
         122  -2.50000012E-04   7.8853572298241790E-004
         123  -3.00000014E-04   8.2993879567455923E-004
         124  -3.39999999E-04   7.8228770555938609E-004
         125  -4.19999997E-04   8.2678162677867330E-004
         126  -5.00000024E-04   8.3529926112872732E-004
         127  -5.90000011E-04   7.9341360026988661E-004
         128  -6.79999997E-04   8.2135527748926883E-004
         129  -8.09999998E-04   8.1639707563325428E-004
         130  -9.39999998E-04   8.3127672807512280E-004
         131  -1.06000004E-03   8.4160848745811281E-004
         132  -1.18999998E-03   8.3442421102365347E-004
         133  -1.33000000E-03   8.1805286712346049E-004
         134  -1.41999999E-03   8.3136915352075968E-004
         135  -1.53000001E-03   8.5030654749347558E-004
         136  -1.62000000E-03   8.2897117749415475E-004
         137  -1.70999998E-03   7.9091899472467399E-004
         138  -1.79000001E-03   8.2297924544308019E-004
         139  -1.87000004E-03   8.0986786916301514E-004
         140  -1.94999995E-03   8.5187632461259754E-004
         141  -1.97000010E-03   8.5883505336867424E-004
         142  -1.97000010E-03   8.3504582036472697E-004
         143  -1.91999995E-03   8.4056744653885696E-004
         144  -1.85999996E-03   8.6399422830361699E-004
         145  -1.76999997E-03   8.6499218174082939E-004
         146  -1.62999996E-03   8.5194914616894301E-004
         147  -1.49000005E-03   8.7958491621025544E-004
         148  -1.29000004E-03   8.4095713047045262E-004
         149  -1.07999996E-03   8.0909998082874112E-004
         150  -8.59999971E-04   8.6331606370639502E-004
         151  -6.39999984E-04   8.7293307108559986E-004
         152  -3.99999990E-04   8.6469267172992431E-004
         153  -1.90000006E-04   8.6743911477807443E-004
         154   0.00000000       8.7312539557835933E-004
         155   1.90000006E-04   8.8254291467903579E-004
         156   3.60000005E-04   8.8902493243664643E-004
         157   4.90000006E-04   8.9004455233840981E-004
         158   6.09999988E-04   9.2088180592669411E-004
         159   7.30000029E-04   9.4108481544447889E-004
         160   8.50000011E-04   9.0010291358675817E-004
         161   9.59999976E-04   8.9282354161860115E-004
         162   1.06000004E-03   8.7835002545851503E-004
         163   1.15000003E-03   8.8671528399683619E-004
         164   1.23000005E-03   9.3064138723863196E-004
         165   1.27999997E-03   8.9271946054598572E-004
         166   1.35000004E-03   9.0235100758143290E-004
         167   1.41999999E-03   9.3703037838102383E-004
         168   1.50999997E-03   9.0241973225679026E-004
         169   1.58000004E-03   9.2556401131200800E-004
         170   1.59000000E-03   9.3806889758707912E-004
         171   1.56000000E-03   9.1736696735412874E-004
         172   1.56000000E-03   9.3112236976868089E-004
         173   1.58000004E-03   9.4101431615947338E-004
         174   1.62999996E-03   9.4452458294006392E-004
         175   1.65999995E-03   9.4714850976728468E-004
         176   1.64999999E-03   9.8386075344374341E-004
         177   1.68999995E-03   9.2997452950386900E-004
         178   1.68999995E-03   9.8780106366218442E-004
         179   1.67999999E-03   9.9223333525783096E-004
         180   1.65999995E-03   9.9057847582433717E-004
         181   1.59000000E-03   9.6066654262496698E-004
         182   1.56000000E-03   9.6056112301065415E-004
         183   1.47999998E-03   1.0009950745166923E-003
         184   1.36999995E-03   1.0018142244929099E-003
         185   1.18999998E-03   9.9135075970912916E-004
         186   1.04999996E-03   9.6915112119079732E-004
         187   9.10000002E-04   1.0047973875766025E-003
         188   7.99999980E-04   9.8600927123597372E-004
         189   6.99999975E-04   1.0213278120726824E-003
         190   5.69999975E-04   1.0441481434856979E-003
         191   4.19999997E-04   1.0458188674734557E-003
         192   2.30000005E-04   9.9408406733010927E-004
         193   7.00000019E-05   1.0005716637030025E-003
         194  -9.00000014E-05   9.6124469127689769E-004
         195  -2.50000012E-04   9.9938507628403615E-004
         196  -3.90000001E-04   9.5307975817357515E-004
         197  -5.20000001E-04   1.0347544418566571E-003
         198  -6.50000002E-04   1.0125273164406164E-003
         199  -7.50000007E-04   9.4903280217546022E-004
         200  -8.29999975E-04   1.0075329454191783E-003
         201  -9.10000002E-04   1.0189197490895021E-003
         202  -1.00000005E-03   9.8874703762300443E-004
         203  -1.06000004E-03   1.0002555406915109E-003
         204  -1.16999994E-03   1.0329111847400528E-003
         205  -1.24000001E-03   1.0381915752893662E-003
