           1  0.418969989       6.8849137221517909E-004
           2  0.352649987       7.3324116352988639E-004
           3  0.296759993       7.0981869693392829E-004
           4  0.249720007       6.5870775411065014E-004
           5  0.210120007       6.6607635983234061E-004
           6  0.176750004       6.4793561874268337E-004
           7  0.148650005       6.1898809358171887E-004
           8  0.125019997       5.9742082734549461E-004
           9  0.105120003       5.8262936653513285E-004
          10   8.83499980E-02   5.5605942774232628E-004
          11   7.42700025E-02   5.5678312125857852E-004
          12   6.24199994E-02   5.6897571730013237E-004
          13   5.24500012E-02   5.5178597527584267E-004
          14   4.40899990E-02   5.4129933556661233E-004
          15   3.70800011E-02   5.2447228103945679E-004
          16   3.11699994E-02   5.2134052937179382E-004
          17   2.62100007E-02   5.0016891495878490E-004
          18   2.20599994E-02   5.1167290337817784E-004
          19   1.85300000E-02   4.9572570298147308E-004
          20   1.55400001E-02   5.1394100658853274E-004
          21   1.29899997E-02   5.0658215530149930E-004
          22   1.08399997E-02   5.1577279440607300E-004
          23   9.01999976E-03   5.1573538884325753E-004
          24   7.45999999E-03   4.9185017238571849E-004
          25   6.14000019E-03   5.0050554096818544E-004
          26   5.02000004E-03   5.3067797079100099E-004
          27   4.04000003E-03   5.1243469799258808E-004
          28   3.26999999E-03   5.3683220839169810E-004
          29   2.67999992E-03   5.0030219810574708E-004
          30   2.21000006E-03   5.1062972850546978E-004
          31   1.88000000E-03   5.1815273710904147E-004
          32   1.59999996E-03   4.9798146611180301E-004
          33   1.35999999E-03   5.2756410578553323E-004
          34   1.16999994E-03   5.0511164685761753E-004
          35   1.07999996E-03   5.3867436441660372E-004
          36   9.69999994E-04   5.4197822978570135E-004
          37   8.80000007E-04   5.1400678188242579E-004
          38   7.80000002E-04   5.2399532558446258E-004
          39   7.90000020E-04   5.3216056399423299E-004
          40   7.09999993E-04   5.3397754770303325E-004
          41   6.60000020E-04   5.2027709156460755E-004
          42   6.00000028E-04   5.1555075925657952E-004
          43   4.49999992E-04   5.3451417080919072E-004
          44   3.80000012E-04   5.4857283707469026E-004
          45   3.00000014E-04   5.5047207205578287E-004
          46   1.90000006E-04   5.1729598643509883E-004
          47   5.99999985E-05   5.2827553412883820E-004
          48  -4.99999987E-05   5.2721079004649878E-004
          49  -9.99999975E-05   5.3652243439337034E-004
          50  -1.99999995E-04   5.4493155645304046E-004
          51  -2.69999990E-04   5.3431409219048933E-004
          52  -2.69999990E-04   5.3759230619653854E-004
          53  -2.60000001E-04   5.2539575191549580E-004
          54  -2.39999994E-04   5.3717477618547263E-004
          55  -2.30000005E-04   5.2410204161101447E-004
          56  -2.20000002E-04   5.0809460826168641E-004
          57  -2.30000005E-04   5.3690385252231916E-004
          58  -1.80000003E-04   5.3716562688987609E-004
          59  -1.40000004E-04   5.3263449150328754E-004
          60  -1.10000001E-04   5.3846174039957157E-004
          61  -4.99999987E-05   5.2692785846823991E-004
          62  -3.99999990E-05   5.4366406610524835E-004
          63   9.99999975E-06   5.4866761210695635E-004
          64   7.99999980E-05   5.6202272151866255E-004
          65   9.99999975E-05   5.6276869202797795E-004
          66   1.19999997E-04   5.7699750733896337E-004
          67   1.50000007E-04   5.6747647309268138E-004
          68   1.90000006E-04   5.5067415682637406E-004
          69   2.09999998E-04   5.6832608394943916E-004
          70   1.99999995E-04   5.7043487323637067E-004
          71   1.99999995E-04   5.5588444817439916E-004
          72   2.20000002E-04   5.8463304892379100E-004
          73   1.99999995E-04   5.6986937252912092E-004
          74   1.69999999E-04   5.9029135131091032E-004
          75   2.20000002E-04   5.8409271698859006E-004
          76   3.19999992E-04   5.9211924778488181E-004
          77   3.90000001E-04   5.8895298745263963E-004
          78   4.49999992E-04   5.8145637065298535E-004
          79   4.79999988E-04   5.6585892248262829E-004
          80   5.30000019E-04   5.8334169109710372E-004
          81   5.39999979E-04   6.0210105017947501E-004
          82   5.30000019E-04   5.7538522192390155E-004
          83   5.69999975E-04   5.8525381103408764E-004
          84   6.00000028E-04   5.7419189522978911E-004
          85   6.09999988E-04   6.0180390970230278E-004
          86   5.69999975E-04   5.8051557232528155E-004
          87   5.60000015E-04   6.0049080270694894E-004
          88   6.60000020E-04   5.8184451140662840E-004
          89   7.20000011E-04   5.4848341352140375E-004
          90   7.69999984E-04   5.7539979053524424E-004
          91   7.69999984E-04   5.7839351897476569E-004
          92   8.09999998E-04   6.0052761278713029E-004
          93   7.60000024E-04   5.6285431022761595E-004
          94   7.20000011E-04   5.7356052604981534E-004
          95   6.50000002E-04   5.5479186515411752E-004
          96   5.90000011E-04   5.8979996144139114E-004
          97   5.30000019E-04   5.7020718703192433E-004
          98   4.60000010E-04   6.1379243152209740E-004
          99   3.69999994E-04   5.9424549207043223E-004
         100   3.10000003E-04   5.8125746627573174E-004
         101   1.80000003E-04   6.0945447167199958E-004
         102   1.10000001E-04   5.9419006915616157E-004
         103   5.99999985E-05   6.1114393954200450E-004
         104   2.99999992E-05   6.0174908675803018E-004
         105  -2.99999992E-05   6.1506503086458198E-004
         106  -7.99999980E-05   6.0728235380366844E-004
         107  -1.50000007E-04   6.2796592997031112E-004
         108  -1.90000006E-04   6.1885157977418722E-004
         109  -2.30000005E-04   6.2804190789990996E-004
         110  -2.50000012E-04   6.2771629049431052E-004
         111  -2.09999998E-04   6.3947569722594920E-004
         112  -1.30000000E-04   6.1505718422638514E-004
         113  -1.99999995E-05   6.4778656487183444E-004
         114   7.00000019E-05   6.2087849370775843E-004
         115   1.40000004E-04   6.8006466976714092E-004
         116   1.90000006E-04   6.1882273741366539E-004
         117   2.50000012E-04   6.3994472758012119E-004
         118   2.80000007E-04   6.4672089882188751E-004
         119   3.00000014E-04   6.2387686965082747E-004
         120   3.60000005E-04   6.5204548260620822E-004
         121   3.80000012E-04   6.5043678995717455E-004
         122   3.60000005E-04   6.6459081457554260E-004
         123   3.30000010E-04   6.6372061824969799E-004
         124   3.30000010E-04   6.6510813572921929E-004
         125   3.19999992E-04   6.8405461476420202E-004
         126   3.10000003E-04   6.5063891773640959E-004
         127   2.20000002E-04   6.6149147708021892E-004
         128   2.30000005E-04   6.9382065748950039E-004
         129   2.60000001E-04   6.8609013227332314E-004
         130   2.89999996E-04   6.7618628187048968E-004
         131   3.49999988E-04   7.0540669010497566E-004
         132   4.49999992E-04   6.7612328502177088E-004
         133   4.60000010E-04   7.2236376839355750E-004
         134   3.99999990E-04   7.0522054613059843E-004
         135   3.39999999E-04   7.2354993014538029E-004
         136   3.39999999E-04   7.1768292792578567E-004
         137   3.10000003E-04   7.1344865256150851E-004
         138   2.30000005E-04   6.9668933649569449E-004
         139   2.20000002E-04   7.2071080060208902E-004
         140   1.80000003E-04   6.9150867868521780E-004
         141   1.50000007E-04   7.1758494115191243E-004
         142   1.59999996E-04   7.3114999029969679E-004
         143   2.20000002E-04   7.1709182424882208E-004
         144   2.20000002E-04   7.1618644570674978E-004
         145   2.60000001E-04   6.8793939746130035E-004
