           1  0.445809990       1.0194572376570996E-003
           2  0.398869991       1.0681480854592689E-003
           3  0.356880009       1.0674054644087281E-003
           4  0.319290012       9.9789149747666435E-004
           5  0.285629988       1.0160152384679157E-003
           6  0.255519986       9.9208080766665144E-004
           7  0.228550002       9.8320329789702344E-004
           8  0.204439998       9.7406867148314808E-004
           9  0.182879999       9.2929069366466882E-004
          10  0.163589999       9.2837244634729897E-004
          11  0.146339998       9.0283995098013297E-004
          12  0.130879998       9.1238032193002578E-004
          13  0.117059998       8.8313116299785718E-004
          14  0.104670003       8.5441276003869607E-004
          15   9.35700014E-02   8.6486714800992968E-004
          16   8.36099982E-02   8.2556719061617923E-004
          17   7.46999979E-02   8.6392837874901796E-004
          18   6.67100027E-02   8.1986744292474587E-004
          19   5.95699996E-02   8.3039031907667304E-004
          20   5.31900004E-02   8.0746744416377062E-004
          21   4.75100018E-02   8.2723231473296301E-004
          22   4.23900001E-02   7.9032516641430121E-004
          23   3.78299989E-02   8.1752103111105219E-004
          24   3.37300003E-02   7.8344779041342215E-004
          25   3.00600007E-02   8.1080729367689409E-004
          26   2.67900005E-02   7.7478447086198660E-004
          27   2.38499995E-02   8.0675270176940549E-004
          28   2.11900007E-02   7.6674496708309837E-004
          29   1.88400000E-02   7.5959559516868198E-004
          30   1.67100001E-02   7.8176484253847291E-004
          31   1.47700002E-02   7.9791372382996355E-004
          32   1.30500002E-02   7.8834800192127848E-004
          33   1.15000000E-02   7.8585602036726509E-004
          34   1.01500005E-02   7.8382297011442726E-004
          35   8.91999993E-03   8.2565502489350469E-004
          36   7.84999970E-03   7.7390546847948835E-004
          37   6.93000015E-03   7.8786103594046062E-004
          38   6.12000003E-03   7.9221086540856101E-004
          39   5.37999999E-03   7.7211305453269157E-004
          40   4.73999977E-03   7.5683298139402012E-004
          41   4.22000000E-03   7.6277342704793598E-004
          42   3.74000007E-03   8.0317982907101594E-004
          43   3.37000005E-03   7.9109133431274161E-004
          44   3.09000001E-03   7.9766001136971632E-004
          45   2.82999990E-03   8.2020602473598884E-004
          46   2.64000008E-03   8.0068935188723890E-004
          47   2.48000002E-03   8.0838998781909775E-004
          48   2.33999989E-03   8.3437081701933291E-004
          49   2.21000006E-03   8.3283959824823387E-004
          50   2.08000001E-03   8.0668314642875377E-004
          51   1.99000002E-03   8.0688729094188240E-004
          52   1.93000003E-03   7.4620482078905715E-004
          53   1.87000004E-03   7.8375402183189708E-004
          54   1.79999997E-03   7.9178340153953340E-004
          55   1.76999997E-03   7.7253095779528124E-004
          56   1.71999994E-03   8.0032584331830490E-004
          57   1.68999995E-03   7.8521325202492447E-004
          58   1.64999999E-03   7.5626069928590959E-004
          59   1.58000004E-03   7.8199169409687763E-004
          60   1.53000001E-03   7.9915241242214832E-004
          61   1.47000002E-03   7.8774730505381835E-004
          62   1.41999999E-03   7.6463565393463263E-004
          63   1.33999996E-03   7.8063710842339639E-004
          64   1.26000005E-03   8.1994399524367269E-004
          65   1.20000006E-03   8.0700085505918946E-004
          66   1.13999995E-03   8.3165765079040125E-004
          67   1.07999996E-03   7.9838097242272959E-004
          68   1.01999997E-03   8.1429325089207448E-004
          69   9.89999971E-04   7.6707887470523135E-004
          70   9.59999976E-04   8.2494502700033176E-004
          71   9.50000016E-04   8.5730473319158289E-004
          72   9.10000002E-04   8.1994218700672157E-004
          73   8.99999985E-04   8.2319670373854248E-004
          74   8.99999985E-04   8.3895750357138087E-004
          75   8.99999985E-04   8.4659742047265359E-004
          76   8.99999985E-04   8.3832401244167117E-004
          77   8.80000007E-04   8.8738670266377210E-004
          78   8.39999993E-04   8.4088380744454282E-004
          79   7.90000020E-04   8.3207202579551839E-004
          80   7.50000007E-04   8.7513264104100319E-004
          81   6.90000015E-04   8.3190640824751022E-004
          82   6.30000024E-04   8.2730592537550828E-004
          83   5.69999975E-04   8.3389067188928260E-004
          84   5.09999983E-04   8.2758296032554640E-004
          85   4.10000008E-04   8.0489568733965809E-004
          86   3.10000003E-04   8.2953997189012297E-004
          87   1.99999995E-04   8.2382603546955475E-004
          88   9.99999975E-05   8.0374749199289678E-004
          89   4.99999987E-05   8.2642318991549518E-004
          90   1.99999995E-05   8.5371443705563766E-004
          91   0.00000000       8.1212578354742542E-004
          92  -4.99999987E-05   8.3108039302840278E-004
          93  -7.99999980E-05   7.6472521577656909E-004
          94  -9.00000014E-05   8.3499120709422121E-004
          95  -1.30000000E-04   8.4381836361553544E-004
          96  -1.99999995E-04   8.2411965049882831E-004
          97  -2.39999994E-04   8.1694767953557771E-004
          98  -2.60000001E-04   8.2993142522452790E-004
          99  -2.80000007E-04   8.5158368532895900E-004
         100  -3.00000014E-04   8.4532723573535571E-004
         101  -3.49999988E-04   8.6183287240852149E-004
         102  -3.80000012E-04   8.5628278196197140E-004
         103  -4.10000008E-04   8.7425371673767840E-004
         104  -4.40000003E-04   8.7372959346284523E-004
         105  -4.69999999E-04   8.9012234972951697E-004
         106  -4.69999999E-04   9.0544896085561512E-004
         107  -4.49999992E-04   9.1265195355248177E-004
         108  -4.19999997E-04   8.8218168568402519E-004
         109  -3.99999990E-04   8.8264739806465347E-004
         110  -3.69999994E-04   8.9152672365584316E-004
         111  -3.39999999E-04   8.8266196679215542E-004
         112  -3.00000014E-04   9.2086908885688989E-004
         113  -2.60000001E-04   8.8711295507649349E-004
         114  -2.20000002E-04   9.0385285767145113E-004
         115  -1.30000000E-04   9.1032891183804969E-004
         116  -1.99999995E-05   9.0821319646818910E-004
         117   7.99999980E-05   8.7005500977534612E-004
         118   2.20000002E-04   9.4136694184084231E-004
         119   3.19999992E-04   9.3096922522166426E-004
         120   3.99999990E-04   9.6942349829838147E-004
         121   4.90000006E-04   9.0573474999010816E-004
         122   5.39999979E-04   9.3238775806424290E-004
         123   5.49999997E-04   9.4519107266707880E-004
         124   5.30000019E-04   9.4993259582886759E-004
         125   4.79999988E-04   9.3947068004151266E-004
         126   4.40000003E-04   9.4201720768541462E-004
         127   4.19999997E-04   9.1338179738961777E-004
         128   3.99999990E-04   9.3801953544742306E-004
         129   3.90000001E-04   8.9005252990927001E-004
         130   3.60000005E-04   9.3132348337820309E-004
         131   3.49999988E-04   9.2463543974668052E-004
         132   3.39999999E-04   9.2315445154900276E-004
         133   3.19999992E-04   9.1461154080059069E-004
         134   3.10000003E-04   9.3245116150389462E-004
         135   2.80000007E-04   8.9779869898940975E-004
         136   2.30000005E-04   8.8502061081794324E-004
         137   1.50000007E-04   9.2605184542109847E-004
         138   3.99999990E-05   9.1692805352188843E-004
         139  -5.99999985E-05   9.3382821976077180E-004
         140  -1.69999999E-04   9.1178150696265194E-004
         141  -2.60000001E-04   9.1231889782981837E-004
         142  -3.80000012E-04   9.1526009001294956E-004
         143  -4.90000006E-04   9.4481342371219420E-004
         144  -5.60000015E-04   9.0979040310125057E-004
         145  -6.39999984E-04   9.3360663536108180E-004
         146  -7.39999989E-04   9.4515187658620594E-004
         147  -8.20000016E-04   9.3388891088875994E-004
         148  -8.99999985E-04   9.6247183894931725E-004
         149  -9.59999976E-04   9.4554200117661648E-004
         150  -1.01000001E-03   9.4824600192481027E-004
         151  -1.06000004E-03   9.4062504214446441E-004
         152  -1.07000000E-03   9.2342775730428948E-004
         153  -1.07999996E-03   9.4874558365500407E-004
         154  -1.06000004E-03   9.4716963024262511E-004
         155  -1.01000001E-03   9.1705551976397411E-004
         156  -9.80000012E-04   9.7279217665560550E-004
         157  -9.59999976E-04   9.2254692662574152E-004
         158  -9.59999976E-04   9.4105682379360550E-004
         159  -9.50000016E-04   9.3857691830271208E-004
         160  -9.69999994E-04   9.4099229405539297E-004
         161  -1.01000001E-03   9.4094145426292246E-004
         162  -1.07999996E-03   9.4033805916542883E-004
         163  -1.09000003E-03   9.0575413806371523E-004
         164  -1.10999995E-03   9.1804436785520389E-004
         165  -1.13999995E-03   9.3912413733112092E-004
         166  -1.15999999E-03   9.3089209080566421E-004
         167  -1.15999999E-03   9.6556696830256352E-004
         168  -1.15999999E-03   9.8064080842846747E-004
         169  -1.15000003E-03   9.5632904055922342E-004
         170  -1.10999995E-03   9.4067368005064161E-004
         171  -1.04999996E-03   9.3150133288940425E-004
         172  -9.69999994E-04   9.3849211826806187E-004
         173  -9.20000020E-04   9.5035701926469269E-004
         174  -8.99999985E-04   9.6149023618204480E-004
         175  -8.99999985E-04   9.4837172233227954E-004
         176  -8.59999971E-04   9.4421620680186762E-004
         177  -7.90000020E-04   9.5150370024588073E-004
         178  -7.39999989E-04   9.2512543500043731E-004
         179  -6.90000015E-04   9.3213237653560501E-004
         180  -6.39999984E-04   9.5514280800036353E-004
         181  -5.79999993E-04   9.5161518947735921E-004
         182  -5.30000019E-04   9.3730333014242632E-004
         183  -5.00000024E-04   9.1853949745095544E-004
         184  -4.90000006E-04   8.9786331490598827E-004
         185  -4.79999988E-04   9.3553859721836686E-004
         186  -4.49999992E-04   9.1665961982647628E-004
         187  -4.19999997E-04   8.9631667683069455E-004
         188  -3.80000012E-04   9.0737230282945220E-004
         189  -3.39999999E-04   9.2270121698715324E-004
         190  -3.10000003E-04   9.3761793243406645E-004
         191  -2.50000012E-04   9.1941838009697166E-004
         192  -2.09999998E-04   9.4798507179970001E-004
         193  -2.20000002E-04   9.1351057728070412E-004
         194  -1.99999995E-04   9.6871854501246249E-004
         195  -2.09999998E-04   9.2574822624446099E-004
         196  -2.39999994E-04   9.4507028672811120E-004
         197  -2.89999996E-04   9.6046949115241402E-004
         198  -3.60000005E-04   9.7508318517747683E-004
         199  -4.19999997E-04   1.0029608010838785E-003
         200  -4.90000006E-04   9.6206786027473094E-004
         201  -4.90000006E-04   1.0065799848742376E-003
         202  -4.79999988E-04   1.0136677043404469E-003
         203  -4.40000003E-04   1.0282920159390885E-003
         204  -4.19999997E-04   1.0317728310457104E-003
         205  -3.90000001E-04   1.0080111433763486E-003
         206  -3.39999999E-04   1.0578082202061065E-003
         207  -2.60000001E-04   1.0081022258130005E-003
         208  -1.40000004E-04   1.0850613177299203E-003
         209   9.99999975E-06   1.1026875483296215E-003
         210   1.59999996E-04   1.0590770306762780E-003
         211   3.39999999E-04   1.0663748039025100E-003
         212   5.00000024E-04   1.0726813682262234E-003
         213   6.79999997E-04   1.1180649939616515E-003
         214   8.39999993E-04   1.0651041311571562E-003
         215   1.00000005E-03   1.1170860521520964E-003
         216   1.12999999E-03   1.0839240496531423E-003
         217   1.20000006E-03   1.0993869533152509E-003
         218   1.27999997E-03   1.1321205283534028E-003
         219   1.35000004E-03   1.1048287054712736E-003
         220   1.41000003E-03   1.0916287984531602E-003
         221   1.49000005E-03   1.1240902757580446E-003
         222   1.56000000E-03   1.1161060170214172E-003
         223   1.59000000E-03   1.0814812893584990E-003
         224   1.59000000E-03   1.0966660303591833E-003
         225   1.59000000E-03   1.0063598180196239E-003
