           1  0.456189990       1.2703095450206404E-003
           2  0.415309995       1.2668652956368998E-003
           3  0.378120005       1.2978488695916330E-003
           4  0.344289988       1.2812143677031662E-003
           5  0.313490003       1.2221247145210222E-003
           6  0.285479993       1.1998820177715895E-003
           7  0.259979993       1.1878939196696366E-003
           8  0.236750007       1.1643994353028801E-003
           9  0.215599999       1.1818229218693215E-003
          10  0.196349993       1.1736600201294289E-003
          11  0.178810000       1.1093755267846228E-003
          12  0.162829995       1.1037839695373984E-003
          13  0.148279995       1.1132560851435701E-003
          14  0.135030001       1.0973499211203055E-003
          15  0.122970000       1.0585575478292862E-003
          16  0.111979999       1.0342786670031695E-003
          17  0.101999998       1.0534117566971082E-003
          18   9.29299966E-02   1.0077439754749846E-003
          19   8.46799985E-02   1.0156430750712963E-003
          20   7.71699995E-02   1.0063998468537929E-003
          21   7.03599975E-02   1.0105356601086666E-003
          22   6.41300008E-02   9.8364649901469927E-004
          23   5.84600009E-02   1.0145936868348020E-003
          24   5.33000007E-02   9.7316871264062051E-004
          25   4.85900007E-02   9.2511581469976675E-004
          26   4.43099998E-02   9.4721494721582600E-004
          27   4.04199995E-02   9.6484228713897876E-004
          28   3.68900001E-02   9.4254232334706157E-004
          29   3.37099992E-02   9.4499887896886260E-004
          30   3.08200009E-02   9.6190229051019104E-004
          31   2.81900000E-02   8.9871092657657073E-004
          32   2.58200001E-02   9.4427833781437066E-004
          33   2.36399993E-02   8.9997368984296778E-004
          34   2.16600001E-02   8.7567046964982505E-004
          35   1.98599994E-02   8.8563601971220558E-004
          36   1.82200000E-02   9.3029300467845034E-004
          37   1.67100001E-02   8.9549542285663497E-004
          38   1.53500000E-02   9.3136500558424408E-004
          39   1.40899997E-02   9.2946213920731748E-004
          40   1.29500004E-02   9.2146254340280957E-004
          41   1.19099999E-02   8.8171815851031065E-004
          42   1.09400004E-02   9.3220181381623187E-004
          43   1.00299995E-02   9.2782339731358604E-004
          44   9.18999966E-03   9.2663652487657352E-004
          45   8.43000039E-03   9.3781300146821998E-004
          46   7.72000011E-03   8.8782631551760562E-004
          47   7.05000013E-03   9.3537009886140326E-004
          48   6.45000022E-03   9.4031716813138574E-004
          49   5.88000007E-03   9.1744931443779002E-004
          50   5.35000023E-03   9.0186921105671336E-004
          51   4.86000022E-03   8.8958160352499568E-004
          52   4.39999998E-03   9.2703622599170376E-004
          53   3.99000011E-03   9.0884234966318045E-004
          54   3.61000001E-03   9.1359862963706813E-004
          55   3.25999991E-03   9.5859806465796134E-004
          56   2.91000004E-03   9.1767743505587662E-004
          57   2.58000009E-03   9.4053795935483166E-004
          58   2.25999998E-03   9.0904036000521190E-004
          59   1.97000010E-03   9.6120523260677935E-004
          60   1.70000002E-03   9.3370400696753987E-004
          61   1.46000006E-03   9.1448526743049109E-004
          62   1.21999998E-03   9.2411929597238120E-004
          63   9.89999971E-04   9.1479004622943940E-004
          64   7.60000024E-04   9.4936268360359163E-004
          65   5.49999997E-04   9.2661447434532428E-004
          66   4.10000008E-04   9.7053226032317087E-004
          67   2.60000001E-04   9.0507795131805624E-004
          68   1.30000000E-04   9.5581433762884007E-004
          69   9.99999975E-06   9.5619204502450552E-004
          70  -7.99999980E-05   9.6741959300751437E-004
          71  -1.99999995E-04   9.5404293775068136E-004
          72  -3.10000003E-04   9.4145594485347693E-004
          73  -4.10000008E-04   9.5768686536687269E-004
          74  -5.00000024E-04   1.0002290873646323E-003
          75  -6.00000028E-04   9.7026713416871805E-004
          76  -6.90000015E-04   9.4680004018127218E-004
          77  -7.80000002E-04   9.4413800750523988E-004
          78  -8.69999989E-04   9.4161694667474873E-004
          79  -9.69999994E-04   9.9901571097622431E-004
          80  -1.03000004E-03   9.5203966445773472E-004
          81  -1.04999996E-03   1.0345130906833833E-003
          82  -1.09000003E-03   9.3517661945072608E-004
          83  -1.10999995E-03   9.9828993035719934E-004
          84  -1.10999995E-03   9.5725359417903728E-004
          85  -1.10999995E-03   1.0004290165002703E-003
          86  -1.12000003E-03   9.9702880838426953E-004
          87  -1.13999995E-03   9.6372296661778351E-004
          88  -1.15999999E-03   9.9507585947943749E-004
          89  -1.13999995E-03   1.0025571225785398E-003
          90  -1.13999995E-03   9.5351026682739403E-004
          91  -1.12999999E-03   9.3852835026033928E-004
          92  -1.12999999E-03   9.9219977767947445E-004
          93  -1.12000003E-03   9.5443869302140757E-004
          94  -1.09999999E-03   1.0348208130344109E-003
          95  -1.09999999E-03   1.0745922459944415E-003
          96  -1.07999996E-03   9.9447102534854100E-004
          97  -1.06000004E-03   1.0323712103363486E-003
          98  -1.04000000E-03   1.0103210927194177E-003
          99  -1.03000004E-03   1.0277641017068270E-003
         100  -1.04999996E-03   1.0426245709299756E-003
         101  -1.04999996E-03   1.0142804998572856E-003
         102  -1.04999996E-03   9.9131440848429769E-004
         103  -1.04999996E-03   9.9607695270365602E-004
         104  -1.06000004E-03   1.0239374685251171E-003
         105  -1.07999996E-03   1.0412531271759887E-003
         106  -1.09000003E-03   1.0173229624534186E-003
         107  -1.09999999E-03   1.0145691298653603E-003
         108  -1.09000003E-03   1.0332935858440122E-003
         109  -1.07999996E-03   9.7412065415384771E-004
         110  -1.04999996E-03   9.8544484161004883E-004
         111  -1.01999997E-03   1.0083662663717709E-003
         112  -9.80000012E-04   1.0228831080785769E-003
         113  -9.50000016E-04   1.0139785207618377E-003
         114  -8.99999985E-04   1.0369721201748615E-003
         115  -8.20000016E-04   1.0332156856059868E-003
         116  -7.60000024E-04   1.0396733116810502E-003
         117  -7.09999993E-04   1.0085533833534847E-003
         118  -6.60000020E-04   9.6581381622581604E-004
         119  -5.79999993E-04   1.0437920034227744E-003
         120  -4.90000006E-04   1.0475049978452909E-003
         121  -3.99999990E-04   9.9123565945248744E-004
         122  -3.00000014E-04   9.8188171324441230E-004
         123  -1.99999995E-04   9.9477692492967382E-004
         124  -7.00000019E-05   9.8170983121838046E-004
         125   3.99999990E-05   9.9433314520597812E-004
         126   1.10000001E-04   1.0358928520328246E-003
         127   1.90000006E-04   9.9087969149334464E-004
         128   2.80000007E-04   9.9987193311866875E-004
         129   3.80000012E-04   1.0137784816594147E-003
         130   4.90000006E-04   9.8691687811209802E-004
         131   5.79999993E-04   1.0500209084597189E-003
         132   6.50000002E-04   1.0202102059908673E-003
         133   7.20000011E-04   1.0323644367468605E-003
         134   7.60000024E-04   1.0228930080800852E-003
         135   7.90000020E-04   1.0042475389851857E-003
         136   8.39999993E-04   1.0104620031997416E-003
         137   8.80000007E-04   1.0162411994307757E-003
         138   8.90000025E-04   1.0213616963381386E-003
         139   8.90000025E-04   1.0915287766380573E-003
         140   8.69999989E-04   1.0118903098092404E-003
         141   8.50000011E-04   1.0187433778583728E-003
         142   8.29999975E-04   1.0536919212224647E-003
         143   7.99999980E-04   1.0436430760908954E-003
         144   7.50000007E-04   1.0822987782861727E-003
         145   7.09999993E-04   1.0483775415533977E-003
         146   6.50000002E-04   9.8233777144829154E-004
         147   6.00000028E-04   1.0141418861726015E-003
         148   5.49999997E-04   1.0216086027457529E-003
         149   5.09999983E-04   1.0096278506015537E-003
         150   4.69999999E-04   1.0778599284926519E-003
         151   4.10000008E-04   1.0521310075705061E-003
         152   3.39999999E-04   1.0564590324885982E-003
         153   2.80000007E-04   1.0654748302232925E-003
         154   2.30000005E-04   1.0345493568187166E-003
         155   2.09999998E-04   1.0437155888555190E-003
         156   1.80000003E-04   1.0340518852329085E-003
         157   1.69999999E-04   1.0256037847531057E-003
         158   1.69999999E-04   1.0045748061709321E-003
         159   1.50000007E-04   9.6587953210899359E-004
         160   1.10000001E-04   1.0077658451172933E-003
         161   7.00000019E-05   9.9022099668599414E-004
         162   7.99999980E-05   1.0012013479426104E-003
         163   9.00000014E-05   1.0586444581991864E-003
         164   7.00000019E-05   1.0050703456244952E-003
         165   5.99999985E-05   9.5829856347967254E-004
         166   7.00000019E-05   1.0445072921778369E-003
         167   7.00000019E-05   1.0138962717608007E-003
         168   7.00000019E-05   9.7794241134005456E-004
         169   9.99999975E-05   1.0147186100414975E-003
         170   1.69999999E-04   9.8541362835156575E-004
         171   2.50000012E-04   9.9513385789444346E-004
         172   3.19999992E-04   9.9913973063219322E-004
         173   4.19999997E-04   9.5514034625701475E-004
         174   5.09999983E-04   9.7930434646477512E-004
         175   5.79999993E-04   9.8104553443307705E-004
         176   6.60000020E-04   1.0099560784183898E-003
         177   7.50000007E-04   9.8810505728283296E-004
         178   8.50000011E-04   1.0335925841005703E-003
         179   9.50000016E-04   1.0117719520906792E-003
         180   1.04999996E-03   1.0031364634642877E-003
         181   1.15000003E-03   1.0080841511507115E-003
         182   1.26000005E-03   1.0219780645562998E-003
         183   1.35000004E-03   9.9045102844463363E-004
         184   1.42999995E-03   1.0540610591026857E-003
         185   1.49000005E-03   1.0424066122612841E-003
         186   1.56000000E-03   1.0166530612803542E-003
         187   1.56999996E-03   1.0279367188210447E-003
         188   1.56000000E-03   1.0187725339854189E-003
         189   1.55000004E-03   1.0408416119067499E-003
         190   1.55000004E-03   1.0352477475786710E-003
         191   1.53000001E-03   1.0153226109655294E-003
         192   1.53000001E-03   1.0227624366550467E-003
         193   1.52000005E-03   1.0313936788427722E-003
         194   1.49000005E-03   1.0342515345711397E-003
         195   1.46000006E-03   1.0095010632698430E-003
         196   1.41000003E-03   1.0095090604682667E-003
         197   1.33999996E-03   1.0498639769273258E-003
         198   1.27000001E-03   1.0167613730974591E-003
         199   1.15999999E-03   1.0101373046492333E-003
         200   1.04999996E-03   1.0269737648980976E-003
         201   9.50000016E-04   1.0996019081936760E-003
         202   8.39999993E-04   1.0258649581528874E-003
         203   7.60000024E-04   1.0507788917344255E-003
         204   6.79999997E-04   1.0813457863163378E-003
         205   6.20000006E-04   1.0819062124011352E-003
         206   5.69999975E-04   1.0638157558180352E-003
         207   5.20000001E-04   1.1199792153022880E-003
         208   4.90000006E-04   1.1091417494825159E-003
         209   4.60000010E-04   1.0668728139443060E-003
         210   4.29999985E-04   1.0785922033010619E-003
         211   4.10000008E-04   1.1090182995931279E-003
         212   4.19999997E-04   1.1056036201050245E-003
         213   4.49999992E-04   1.0979112885175664E-003
         214   4.60000010E-04   1.1353862884021916E-003
         215   4.40000003E-04   1.1228442719668408E-003
         216   4.19999997E-04   1.0739685552808398E-003
         217   3.90000001E-04   1.1376104289232013E-003
         218   3.90000001E-04   1.1376412942554232E-003
         219   3.99999990E-04   1.1276355840303604E-003
         220   3.99999990E-04   1.1709467248761194E-003
         221   3.80000012E-04   1.1253503988688026E-003
         222   3.49999988E-04   1.1342555202432205E-003
         223   2.80000007E-04   1.0939006919302914E-003
         224   2.09999998E-04   1.1301423843584520E-003
         225   1.69999999E-04   1.0914011854969161E-003
         226   1.50000007E-04   1.1546000414329380E-003
         227   1.30000000E-04   1.1085877623092397E-003
         228   1.50000007E-04   1.1297466549899170E-003
         229   1.59999996E-04   1.1277608485954970E-003
         230   1.80000003E-04   1.1807483269085928E-003
         231   2.20000002E-04   1.2267970560321177E-003
         232   2.39999994E-04   1.1272282459601926E-003
         233   2.89999996E-04   1.1447964944218550E-003
         234   3.69999994E-04   1.2260675263700931E-003
         235   4.29999985E-04   1.2035698530097705E-003
         236   5.00000024E-04   1.1834046150624529E-003
         237   5.60000015E-04   1.1669361574920196E-003
         238   6.20000006E-04   1.1758278254111259E-003
         239   6.50000002E-04   1.2264650442531800E-003
         240   6.99999975E-04   1.2864578935297109E-003
         241   7.30000029E-04   1.2585184575383461E-003
         242   7.60000024E-04   1.2381094392911677E-003
         243   7.90000020E-04   1.1839855506012745E-003
         244   8.09999998E-04   1.2461474996387598E-003
         245   8.29999975E-04   1.2044805524748983E-003
         246   8.50000011E-04   1.2821674117302619E-003
         247   8.59999971E-04   1.2790325615205536E-003
         248   8.59999971E-04   1.2168930571226793E-003
         249   8.80000007E-04   1.1883823559940341E-003
         250   8.69999989E-04   1.1856104569079721E-003
         251   8.59999971E-04   1.1973906559282507E-003
         252   8.50000011E-04   1.1880362893178847E-003
         253   8.20000016E-04   1.2485612540801716E-003
         254   7.90000020E-04   1.2609723116757785E-003
         255   7.30000029E-04   1.2783533808927790E-003
         256   6.69999979E-04   1.1992704323838675E-003
         257   5.90000011E-04   1.2493540573942079E-003
         258   4.90000006E-04   1.2182215727330253E-003
         259   3.99999990E-04   1.1909714888027106E-003
         260   3.00000014E-04   1.2684581294940944E-003
         261   1.80000003E-04   1.1765805952775527E-003
         262   5.99999985E-05   1.2570931406249324E-003
         263  -5.99999985E-05   1.2576930599037489E-003
         264  -2.20000002E-04   1.2460100809942290E-003
         265  -3.30000010E-04   1.2182601941631277E-003
