           1  0.465590000       1.7132947729482319E-003
           2  0.433129996       1.7323287874312391E-003
           3  0.402920008       1.7258206082209075E-003
           4  0.374819994       1.6776998487815003E-003
           5  0.348690003       1.6877071065201372E-003
           6  0.324369997       1.6028536994855992E-003
           7  0.301770002       1.5859671529192998E-003
           8  0.280739993       1.6358618312547475E-003
           9  0.261170000       1.5908922949953190E-003
          10  0.242960006       1.5394147954288790E-003
          11  0.226019993       1.5538079512578179E-003
          12  0.210250005       1.4491052133649973E-003
          13  0.195570007       1.5117156064119472E-003
          14  0.181920007       1.4685072708364164E-003
          15  0.169190004       1.4337965189361785E-003
          16  0.157360002       1.4520625577032294E-003
          17  0.146349996       1.4562526458167817E-003
          18  0.136069998       1.3643973447204499E-003
          19  0.126519993       1.3554755482809851E-003
          20  0.117619999       1.3529092625172005E-003
          21  0.109339997       1.3662198030412428E-003
          22  0.101620004       1.3407707133392568E-003
          23   9.44399983E-02   1.3128480710287405E-003
          24   8.77500027E-02   1.2491341694730556E-003
          25   8.15099999E-02   1.2776467610760296E-003
          26   7.57099986E-02   1.2315930816286604E-003
          27   7.02999979E-02   1.2375901835037888E-003
          28   6.52600005E-02   1.2414531616196385E-003
          29   6.05700016E-02   1.2239883240264253E-003
          30   5.62100001E-02   1.2544308485656552E-003
          31   5.21400012E-02   1.1526245920392341E-003
          32   4.83400002E-02   1.1666101064499602E-003
          33   4.48100008E-02   1.1588559898540783E-003
          34   4.14999984E-02   1.1297738298026903E-003
          35   3.84000018E-02   1.1916262456678724E-003
          36   3.55300009E-02   1.1331703604413842E-003
          37   3.28500010E-02   1.1504505968537473E-003
          38   3.03399991E-02   1.1399474233370211E-003
          39   2.80099995E-02   1.1225168373307295E-003
          40   2.58300006E-02   1.1443783477817018E-003
          41   2.38000005E-02   1.1124973250226432E-003
          42   2.19000001E-02   1.1406837640745386E-003
          43   2.01399997E-02   1.0893794973278852E-003
          44   1.84899997E-02   1.0956623036021886E-003
          45   1.69500001E-02   1.0934325818959094E-003
          46   1.55100003E-02   1.1048264249746108E-003
          47   1.41899996E-02   1.0947658052415331E-003
          48   1.29600000E-02   1.0760925993680899E-003
          49   1.18199997E-02   1.0589568703611748E-003
          50   1.07600000E-02   1.1487954326355784E-003
          51   9.77000035E-03   1.0824977918016461E-003
          52   8.84000026E-03   1.1366037016276886E-003
          53   7.98999984E-03   1.0746686916140451E-003
          54   7.19999988E-03   1.1602753437567246E-003
          55   6.46999991E-03   1.1129000162377499E-003
          56   5.79999993E-03   1.1643492128560248E-003
          57   5.17999986E-03   1.1035699213814947E-003
          58   4.61000018E-03   1.1308883870409429E-003
          59   4.08999994E-03   1.1235260680575415E-003
          60   3.59999994E-03   1.1292758480268171E-003
          61   3.13999993E-03   1.1388736893055264E-003
          62   2.70999991E-03   1.0867075992517434E-003
          63   2.30999989E-03   1.1694353228772353E-003
          64   1.93999999E-03   1.0823390278377049E-003
          65   1.61000004E-03   1.1147769644539421E-003
          66   1.30000000E-03   1.1849834094228202E-003
          67   1.03000004E-03   1.1593138011315148E-003
          68   7.80000002E-04   1.1366536370527233E-003
          69   5.49999997E-04   1.1929020836769120E-003
          70   3.30000010E-04   1.1772275822914510E-003
          71   1.30000000E-04   1.1705801797604815E-003
          72  -1.99999995E-05   1.1748831856289034E-003
          73  -1.59999996E-04   1.1979207774322435E-003
          74  -2.80000007E-04   1.1652593295208146E-003
          75  -3.90000001E-04   1.1689075956072541E-003
          76  -4.69999999E-04   1.1713255392666153E-003
          77  -5.30000019E-04   1.1709049288191030E-003
          78  -5.90000011E-04   1.1840984611876317E-003
          79  -6.30000024E-04   1.2180606364767645E-003
          80  -6.50000002E-04   1.2109533928792830E-003
          81  -6.69999979E-04   1.1671139215686875E-003
          82  -6.79999997E-04   1.2116868001261917E-003
          83  -6.90000015E-04   1.1984419151873397E-003
          84  -6.99999975E-04   1.2251830377759797E-003
          85  -7.09999993E-04   1.1881305804574828E-003
          86  -7.20000011E-04   1.1725682762081962E-003
          87  -7.39999989E-04   1.2369095666871380E-003
          88  -7.60000024E-04   1.2511668602978151E-003
          89  -7.69999984E-04   1.2133325470016383E-003
          90  -8.09999998E-04   1.2281685308243083E-003
          91  -8.39999993E-04   1.2403012614952255E-003
          92  -8.69999989E-04   1.2484482039322199E-003
          93  -8.99999985E-04   1.2194432100813102E-003
          94  -9.20000020E-04   1.1873284939194807E-003
          95  -9.29999980E-04   1.1505593128550247E-003
          96  -9.50000016E-04   1.2526783606226929E-003
          97  -9.69999994E-04   1.2196325446390962E-003
          98  -1.00000005E-03   1.2428712951259239E-003
          99  -1.03000004E-03   1.2258435036352634E-003
         100  -1.06000004E-03   1.2622271219211612E-003
         101  -1.07000000E-03   1.2276020650889086E-003
         102  -1.06000004E-03   1.2791846326286635E-003
         103  -1.04000000E-03   1.2599054315127255E-003
         104  -9.89999971E-04   1.2672421073304460E-003
         105  -9.39999998E-04   1.2426622918356733E-003
         106  -9.10000002E-04   1.2160303448582298E-003
         107  -8.80000007E-04   1.2460484063043491E-003
         108  -8.39999993E-04   1.2157269309062463E-003
         109  -8.09999998E-04   1.2066973484248268E-003
         110  -7.69999984E-04   1.2619119945519986E-003
         111  -7.20000011E-04   1.2571313483428085E-003
         112  -6.69999979E-04   1.2279180957996724E-003
         113  -6.20000006E-04   1.2790369312152524E-003
         114  -5.69999975E-04   1.2590267493899300E-003
         115  -5.20000001E-04   1.2246935886095036E-003
         116  -4.60000010E-04   1.2636489807354768E-003
         117  -4.10000008E-04   1.2428927439505385E-003
         118  -3.60000005E-04   1.2324559283502234E-003
         119  -3.00000014E-04   1.2200407568688898E-003
         120  -2.39999994E-04   1.2284949246907516E-003
         121  -1.69999999E-04   1.2675095209011618E-003
         122  -9.99999975E-05   1.2705600080286737E-003
         123  -1.99999995E-05   1.2122698243112104E-003
         124   1.99999995E-05   1.2364897547772473E-003
         125   7.99999980E-05   1.2788481183333390E-003
         126   1.30000000E-04   1.2683378357814042E-003
         127   1.80000003E-04   1.2396175052716168E-003
         128   2.30000005E-04   1.2335603771156435E-003
         129   2.69999990E-04   1.2201102021182251E-003
         130   3.19999992E-04   1.2165919079975707E-003
         131   3.60000005E-04   1.2433733350762273E-003
         132   3.99999990E-04   1.2481902146666190E-003
         133   4.29999985E-04   1.2578602912291642E-003
         134   4.60000010E-04   1.2366732687057267E-003
         135   4.69999999E-04   1.2435387490639376E-003
         136   4.69999999E-04   1.2455846611439984E-003
         137   4.69999999E-04   1.2273006426898906E-003
         138   4.79999988E-04   1.2045180765130599E-003
         139   4.90000006E-04   1.2394868089251907E-003
         140   4.79999988E-04   1.2587406870659939E-003
         141   4.49999992E-04   1.2514546425328305E-003
         142   4.19999997E-04   1.2463953705622235E-003
         143   3.80000012E-04   1.2506915736623474E-003
         144   3.39999999E-04   1.2398489305202630E-003
         145   3.10000003E-04   1.2741696358672722E-003
         146   2.69999990E-04   1.3097733918547830E-003
         147   2.20000002E-04   1.2998042329360278E-003
         148   1.69999999E-04   1.2710293772438303E-003
         149   1.40000004E-04   1.2711100527741318E-003
         150   1.19999997E-04   1.2937615655403099E-003
         151   1.10000001E-04   1.2341569252664372E-003
         152   9.99999975E-05   1.2498629905828027E-003
         153   9.99999975E-05   1.2543133393009291E-003
         154   1.10000001E-04   1.2876062996076303E-003
         155   1.19999997E-04   1.2750949971338807E-003
         156   1.19999997E-04   1.2769631363105413E-003
         157   9.99999975E-05   1.2825186433867127E-003
         158   5.99999985E-05   1.2477411933116600E-003
         159   9.99999975E-06   1.2835919561434519E-003
         160  -2.99999992E-05   1.2780794313654862E-003
         161  -9.00000014E-05   1.3198511009922230E-003
         162  -1.40000004E-04   1.3193181576737726E-003
         163  -1.99999995E-04   1.3009395045487709E-003
         164  -2.69999990E-04   1.3093541561400950E-003
         165  -3.49999988E-04   1.3486107133529018E-003
         166  -4.19999997E-04   1.3027526584832450E-003
         167  -4.90000006E-04   1.3063834355268450E-003
         168  -5.69999975E-04   1.2365708508095239E-003
         169  -6.20000006E-04   1.3093265465567649E-003
         170  -6.79999997E-04   1.3202216847273574E-003
         171  -7.50000007E-04   1.3126652082805874E-003
         172  -8.09999998E-04   1.2896618712382394E-003
         173  -8.69999989E-04   1.3026248836184031E-003
         174  -9.20000020E-04   1.3076628100624189E-003
         175  -9.69999994E-04   1.3218199361372815E-003
         176  -1.01999997E-03   1.2473909402387277E-003
         177  -1.06000004E-03   1.3343995159650777E-003
         178  -1.09999999E-03   1.3653386013845821E-003
         179  -1.15000003E-03   1.3549114299158040E-003
         180  -1.18999998E-03   1.2973888925392222E-003
         181  -1.24000001E-03   1.3748968530589887E-003
         182  -1.27999997E-03   1.2814107052951285E-003
         183  -1.32000004E-03   1.3380823001186205E-003
         184  -1.36999995E-03   1.3283048052081105E-003
         185  -1.38999999E-03   1.3330890268907854E-003
         186  -1.41999999E-03   1.3348716813802962E-003
         187  -1.44000002E-03   1.3806236277054413E-003
         188  -1.44999998E-03   1.3245751837702101E-003
         189  -1.47000002E-03   1.3270000647502074E-003
         190  -1.49000005E-03   1.3634165081704318E-003
         191  -1.50000001E-03   1.2894003737900701E-003
         192  -1.50999997E-03   1.3043967134593727E-003
         193  -1.53000001E-03   1.4329078528606707E-003
         194  -1.56000000E-03   1.4019630845546077E-003
         195  -1.58000004E-03   1.3939862734722011E-003
         196  -1.59999996E-03   1.3656419342376004E-003
         197  -1.59999996E-03   1.3934338050195980E-003
         198  -1.59000000E-03   1.4077782391825309E-003
         199  -1.58000004E-03   1.3654150326953415E-003
         200  -1.56999996E-03   1.4235123369454438E-003
         201  -1.53999997E-03   1.4019323352507632E-003
         202  -1.52000005E-03   1.3199862643485509E-003
         203  -1.49000005E-03   1.3766805359974542E-003
         204  -1.44000002E-03   1.3750125545530165E-003
         205  -1.36999995E-03   1.3494112955962276E-003
         206  -1.30999996E-03   1.3653728123127304E-003
         207  -1.26000005E-03   1.3768759095934384E-003
         208  -1.18000002E-03   1.4580631638588537E-003
         209  -1.09999999E-03   1.4473278969705722E-003
         210  -1.01999997E-03   1.3572804666005136E-003
         211  -9.39999998E-04   1.4443402696892916E-003
         212  -8.39999993E-04   1.4281441241512666E-003
         213  -7.39999989E-04   1.3927064244442149E-003
         214  -6.60000020E-04   1.3879245747732724E-003
         215  -5.79999993E-04   1.4018404783358439E-003
         216  -4.90000006E-04   1.3532193623954096E-003
         217  -3.99999990E-04   1.3680500107898241E-003
         218  -3.10000003E-04   1.4308575225632119E-003
         219  -2.39999994E-04   1.3655965093794242E-003
         220  -1.69999999E-04   1.3628290865794976E-003
         221  -1.10000001E-04   1.3819018568860539E-003
         222  -7.00000019E-05   1.4631484216227092E-003
         223  -2.99999992E-05   1.4212686713717523E-003
         224   0.00000000       1.4427602186606904E-003
         225   2.99999992E-05   1.3848341112453436E-003
         226   5.99999985E-05   1.3353896798624669E-003
         227   5.99999985E-05   1.4043070588848335E-003
         228   7.99999980E-05   1.3528627986654973E-003
         229   7.99999980E-05   1.3824788476277852E-003
         230   9.00000014E-05   1.3616980010257476E-003
         231   7.00000019E-05   1.4110567738017730E-003
         232   3.99999990E-05   1.3912721074701064E-003
         233   9.99999975E-06   1.3553110756396236E-003
         234  -1.99999995E-05   1.3272593533160896E-003
         235  -5.99999985E-05   1.4210501115496635E-003
         236  -1.19999997E-04   1.4171321875559770E-003
         237  -1.90000006E-04   1.3501729388603338E-003
         238  -2.60000001E-04   1.4112961169908348E-003
         239  -3.19999992E-04   1.3314337923423412E-003
         240  -3.80000012E-04   1.3984365929357975E-003
         241  -4.40000003E-04   1.4312187534105025E-003
         242  -4.79999988E-04   1.3927532396464290E-003
         243  -5.20000001E-04   1.3839461640046573E-003
         244  -5.39999979E-04   1.4072005264191758E-003
         245  -5.79999993E-04   1.4561766688480238E-003
         246  -5.90000011E-04   1.3532699236500593E-003
         247  -6.30000024E-04   1.3602977183585230E-003
         248  -6.69999979E-04   1.4158385220811827E-003
         249  -7.30000029E-04   1.3885602898550092E-003
         250  -7.69999984E-04   1.3438649337011988E-003
         251  -8.29999975E-04   1.3977735566285451E-003
         252  -8.80000007E-04   1.4456435729944580E-003
         253  -9.20000020E-04   1.3970667286128306E-003
         254  -9.59999976E-04   1.3721305904925447E-003
         255  -9.89999971E-04   1.3419028038287113E-003
         256  -1.03000004E-03   1.3633055564037161E-003
         257  -1.07999996E-03   1.3638972869755193E-003
         258  -1.10999995E-03   1.3270101915268790E-003
         259  -1.12999999E-03   1.3032408046862631E-003
         260  -1.15000003E-03   1.3203179259934511E-003
         261  -1.15000003E-03   1.3800627525088521E-003
         262  -1.15999999E-03   1.3463903781132053E-003
         263  -1.16999994E-03   1.3545935632816128E-003
         264  -1.18999998E-03   1.3432961128125086E-003
         265  -1.18999998E-03   1.3347361053769355E-003
         266  -1.21999998E-03   1.3625128510536991E-003
         267  -1.27000001E-03   1.3170752091800260E-003
         268  -1.32000004E-03   1.3822723425987416E-003
         269  -1.38000003E-03   1.3632410353035958E-003
         270  -1.44000002E-03   1.3567497449143390E-003
         271  -1.49000005E-03   1.3399103972669363E-003
         272  -1.53000001E-03   1.3367453794272998E-003
         273  -1.58000004E-03   1.3563999508241329E-003
         274  -1.62999996E-03   1.3242907016434548E-003
         275  -1.68999995E-03   1.4029476177637695E-003
         276  -1.73999998E-03   1.2879860010883905E-003
         277  -1.82000000E-03   1.3232945810974811E-003
         278  -1.88000000E-03   1.3339031002714526E-003
         279  -1.93999999E-03   1.3776698158309267E-003
         280  -2.00000009E-03   1.3335497053409357E-003
         281  -2.06999993E-03   1.4045240664672279E-003
         282  -2.12999992E-03   1.3501109132118634E-003
         283  -2.18999991E-03   1.4112104440515063E-003
         284  -2.24999990E-03   1.3766891464197498E-003
         285  -2.27999990E-03   1.3282968497254288E-003
         286  -2.30999989E-03   1.4356120413472136E-003
         287  -2.33999989E-03   1.3995935430292524E-003
         288  -2.34999997E-03   1.4153549197008881E-003
         289  -2.34999997E-03   1.4406936308436298E-003
         290  -2.31999997E-03   1.4273493698835626E-003
         291  -2.27000006E-03   1.4568399116594792E-003
         292  -2.21999991E-03   1.4268340853288738E-003
         293  -2.12999992E-03   1.4286115232786834E-003
         294  -2.03000009E-03   1.4514260371482986E-003
         295  -1.90999999E-03   1.4641833477525112E-003
         296  -1.79000001E-03   1.3859840748649992E-003
         297  -1.64999999E-03   1.3881735440426503E-003
         298  -1.50999997E-03   1.4319253746070783E-003
         299  -1.36999995E-03   1.3989322184379761E-003
         300  -1.23000005E-03   1.4293218050565046E-003
         301  -1.09000003E-03   1.4402790611890051E-003
         302  -9.39999998E-04   1.4815675361727152E-003
         303  -8.09999998E-04   1.4582351404419031E-003
         304  -6.99999975E-04   1.4529509580065347E-003
         305  -5.69999975E-04   1.4644450207629905E-003
         306  -4.49999992E-04   1.4426216195696942E-003
         307  -3.60000005E-04   1.5322756614422998E-003
         308  -2.69999990E-04   1.4598410759440754E-003
         309  -1.90000006E-04   1.4770548629759836E-003
         310  -1.10000001E-04   1.4324672618221781E-003
         311  -3.99999990E-05   1.4591526869929352E-003
         312   9.99999975E-06   1.5230328771583788E-003
         313   3.99999990E-05   1.5398972644205609E-003
         314   2.99999992E-05   1.5988620486612523E-003
         315   0.00000000       1.5056993636746896E-003
         316  -1.99999995E-05   1.5553551826160167E-003
         317  -3.99999990E-05   1.5617615737084482E-003
         318  -7.99999980E-05   1.5882794092234194E-003
         319  -9.99999975E-05   1.6193577392211230E-003
         320  -1.40000004E-04   1.5181847735913460E-003
         321  -1.69999999E-04   1.5930283059203628E-003
         322  -1.90000006E-04   1.5422565414434815E-003
         323  -1.90000006E-04   1.6425163711611080E-003
         324  -1.80000003E-04   1.5569127880110307E-003
         325  -1.40000004E-04   1.5989566049757261E-003
         326  -9.99999975E-05   1.6475895634097016E-003
         327  -3.99999990E-05   1.5127251531299451E-003
         328   1.99999995E-05   1.6257561037844764E-003
         329   1.19999997E-04   1.5691222349273567E-003
         330   1.99999995E-04   1.6323864383359840E-003
         331   3.19999992E-04   1.5941735376125909E-003
         332   4.40000003E-04   1.6030318754438186E-003
         333   5.79999993E-04   1.5974398827631618E-003
         334   7.30000029E-04   1.6282539780016836E-003
         335   8.59999971E-04   1.5780524919286820E-003
         336   9.80000012E-04   1.5746402813665826E-003
         337   1.09000003E-03   1.5987262445453978E-003
         338   1.20000006E-03   1.5478132010691963E-003
         339   1.30999996E-03   1.5376437454093469E-003
         340   1.38999999E-03   1.5764136166865753E-003
         341   1.47000002E-03   1.5906033358816451E-003
         342   1.52000005E-03   1.5954222776252505E-003
         343   1.53999997E-03   1.5821799385829288E-003
         344   1.53999997E-03   1.5802580435629408E-003
         345   1.52000005E-03   1.6617155809908000E-003
