           1  0.467599988       1.6723849364431581E-003
           2  0.436720014       1.6526213811049086E-003
           3  0.407869995       1.6906424475565996E-003
           4  0.380919993       1.6261348682334951E-003
           5  0.355760008       1.6256541377141669E-003
           6  0.332280010       1.6102520100055996E-003
           7  0.310339987       1.6054948908618999E-003
           8  0.289869994       1.6668322481714249E-003
           9  0.270740002       1.5673137859564083E-003
          10  0.252869993       1.6027685336588585E-003
          11  0.236159995       1.5705212889196025E-003
          12  0.220559999       1.5334077033943979E-003
          13  0.205990002       1.5134028427407924E-003
          14  0.192379996       1.4973490767762753E-003
          15  0.179690003       1.5185782211901446E-003
          16  0.167840004       1.4852495414686443E-003
          17  0.156780005       1.4676865321643388E-003
          18  0.146459997       1.4356002238726539E-003
          19  0.136820003       1.4611475809001022E-003
          20  0.127810001       1.4394354646325113E-003
          21  0.119390003       1.4271985063351084E-003
          22  0.111529998       1.3602715561174049E-003
          23  0.104199998       1.3981244857053875E-003
          24   9.73400027E-02   1.3980336353637539E-003
          25   9.09600034E-02   1.3032257063868549E-003
          26   8.50000009E-02   1.3459510457265495E-003
          27   7.94399977E-02   1.3023440734577687E-003
          28   7.42499977E-02   1.3531123850585392E-003
          29   6.94100037E-02   1.3071475567083036E-003
          30   6.48799986E-02   1.2998066769905933E-003
          31   6.06499985E-02   1.2535346330623590E-003
          32   5.66900000E-02   1.3305977133224948E-003
          33   5.29999994E-02   1.2789849196264758E-003
          34   4.95599993E-02   1.2558753617288958E-003
          35   4.63699996E-02   1.2530876302757525E-003
          36   4.34000008E-02   1.2535492868693766E-003
          37   4.06400003E-02   1.2703952750533556E-003
          38   3.80700007E-02   1.2375517238972515E-003
          39   3.56599987E-02   1.2354814801154473E-003
          40   3.33999991E-02   1.2773836221621475E-003
          41   3.12899984E-02   1.2416288391014273E-003
          42   2.93300003E-02   1.2397000413962586E-003
          43   2.74999999E-02   1.2185892230856857E-003
          44   2.57900003E-02   1.1922850214783160E-003
          45   2.41999999E-02   1.2443182359291303E-003
          46   2.27000006E-02   1.2543078269894579E-003
          47   2.12999992E-02   1.2616533555851327E-003
          48   1.99800003E-02   1.2529493081187399E-003
          49   1.87500007E-02   1.1805766845524124E-003
          50   1.75899994E-02   1.1794037039986461E-003
          51   1.65100005E-02   1.2271934088253504E-003
          52   1.55100003E-02   1.2511378258245988E-003
          53   1.45699997E-02   1.2881458049131469E-003
          54   1.37000000E-02   1.2211720108320965E-003
          55   1.29000004E-02   1.2345774398901214E-003
          56   1.21499998E-02   1.2319514043697124E-003
          57   1.14599997E-02   1.3006219949805047E-003
          58   1.08000003E-02   1.2969486708528403E-003
          59   1.01699997E-02   1.2835398455293160E-003
          60   9.60000046E-03   1.2975443758964143E-003
          61   9.06000007E-03   1.2365148736531526E-003
          62   8.55999999E-03   1.2610006574017988E-003
          63   8.08999967E-03   1.3016046876576405E-003
          64   7.61999981E-03   1.2790365319111333E-003
          65   7.19999988E-03   1.2493358128753355E-003
          66   6.79000001E-03   1.3224649307762677E-003
          67   6.40999991E-03   1.2735566862842388E-003
          68   6.07000012E-03   1.2844428916169907E-003
          69   5.76000009E-03   1.3191689384402668E-003
          70   5.45000006E-03   1.3518132438076163E-003
          71   5.15000010E-03   1.2539471230047538E-003
          72   4.86000022E-03   1.2526256386932229E-003
          73   4.57999995E-03   1.3031506351884234E-003
          74   4.31999983E-03   1.2645043650416049E-003
          75   4.06999979E-03   1.2285156063584434E-003
          76   3.83999990E-03   1.2852318496180295E-003
          77   3.64000001E-03   1.2851867624805037E-003
          78   3.44999996E-03   1.2806509704209310E-003
          79   3.25999991E-03   1.2388715700467597E-003
          80   3.10000009E-03   1.2768152107816583E-003
          81   2.95000011E-03   1.3074919915624778E-003
          82   2.80999998E-03   1.2822498400509304E-003
          83   2.68999999E-03   1.2727408207166945E-003
          84   2.58000009E-03   1.3017059529028539E-003
          85   2.49000010E-03   1.3016529376156309E-003
          86   2.40000011E-03   1.3167505403611991E-003
          87   2.30999989E-03   1.2757607013794093E-003
          88   2.21999991E-03   1.3175893311873777E-003
          89   2.12000008E-03   1.2450320018861365E-003
          90   2.03000009E-03   1.2558770724288562E-003
          91   1.93999999E-03   1.2914845095391935E-003
          92   1.85999996E-03   1.2867482076887101E-003
          93   1.76999997E-03   1.3387145991622371E-003
          94   1.67000003E-03   1.2797125210183239E-003
          95   1.56000000E-03   1.2914848611313128E-003
          96   1.46000006E-03   1.2876282190842320E-003
          97   1.35000004E-03   1.2889015328658301E-003
          98   1.24999997E-03   1.2899854395408931E-003
          99   1.15000003E-03   1.2506548847751539E-003
         100   1.03000004E-03   1.2625759139325747E-003
         101   9.20000020E-04   1.2923953851264145E-003
         102   7.99999980E-04   1.2743212268877810E-003
         103   6.69999979E-04   1.3164203153084651E-003
         104   5.30000019E-04   1.2980549982332553E-003
         105   3.90000001E-04   1.2477605667314856E-003
         106   2.39999994E-04   1.2393873451892127E-003
         107   9.99999975E-05   1.2793876024114316E-003
         108  -3.99999990E-05   1.2735841640667577E-003
         109  -1.69999999E-04   1.3186057802487604E-003
         110  -2.80000007E-04   1.2539202382294739E-003
         111  -3.80000012E-04   1.2678734465468144E-003
         112  -4.90000006E-04   1.2787166443885779E-003
         113  -5.90000011E-04   1.2474635217693685E-003
         114  -6.90000015E-04   1.2723774316958868E-003
         115  -7.69999984E-04   1.2819264549764626E-003
         116  -8.59999971E-04   1.2761474966924053E-003
         117  -9.29999980E-04   1.2532115931884280E-003
         118  -9.69999994E-04   1.2593432807282781E-003
         119  -1.01999997E-03   1.2851719073148549E-003
         120  -1.04000000E-03   1.2933552632809972E-003
         121  -1.06000004E-03   1.3299107809525339E-003
         122  -1.07000000E-03   1.2481740511362180E-003
         123  -1.04999996E-03   1.2449402210420919E-003
         124  -1.04000000E-03   1.2983829283292306E-003
         125  -1.01999997E-03   1.2784874829618062E-003
         126  -1.00000005E-03   1.2693058196478807E-003
         127  -9.69999994E-04   1.2477278515199651E-003
         128  -9.10000002E-04   1.2770665392771272E-003
         129  -8.39999993E-04   1.2619114888633791E-003
         130  -7.60000024E-04   1.2456003381798746E-003
         131  -6.79999997E-04   1.2910074175638130E-003
         132  -5.79999993E-04   1.2973408710289847E-003
         133  -4.90000006E-04   1.2623449108994573E-003
         134  -3.99999990E-04   1.2800472478554400E-003
         135  -3.10000003E-04   1.2704459731957304E-003
         136  -2.20000002E-04   1.2734050423502590E-003
         137  -1.19999997E-04   1.2911462042192034E-003
         138  -1.99999995E-05   1.2364177573465918E-003
         139   5.99999985E-05   1.2572598317331886E-003
         140   1.50000007E-04   1.2550983382627169E-003
         141   2.30000005E-04   1.2316848378914355E-003
         142   3.19999992E-04   1.3007956035310298E-003
         143   3.99999990E-04   1.2704971700765514E-003
         144   4.79999988E-04   1.2727527640878590E-003
         145   5.39999979E-04   1.2774905716178152E-003
         146   6.20000006E-04   1.2413251490968906E-003
         147   6.99999975E-04   1.2387775293993038E-003
         148   7.80000002E-04   1.2210758158935544E-003
         149   8.59999971E-04   1.3029442783517907E-003
         150   9.29999980E-04   1.2334948952474718E-003
         151   1.01000001E-03   1.2778539526623199E-003
         152   1.09000003E-03   1.2221219679516267E-003
         153   1.18000002E-03   1.2544911645561883E-003
         154   1.26000005E-03   1.2455222723696078E-003
         155   1.35000004E-03   1.2566125481276898E-003
         156   1.42999995E-03   1.2351354771146228E-003
         157   1.50999997E-03   1.3449513707713457E-003
         158   1.59000000E-03   1.3233021772035977E-003
         159   1.65999995E-03   1.3214325136023332E-003
         160   1.73999998E-03   1.2721208112415139E-003
         161   1.81000005E-03   1.2932776341670969E-003
         162   1.87000004E-03   1.3201488581838438E-003
         163   1.93000003E-03   1.3623379079115185E-003
         164   1.97999994E-03   1.3772180863774871E-003
         165   2.00999994E-03   1.3754954248886260E-003
         166   2.05000001E-03   1.2791931307941551E-003
         167   2.08000001E-03   1.3576632077534410E-003
         168   2.09000008E-03   1.2977859991792067E-003
         169   2.11000000E-03   1.3079801889063411E-003
         170   2.11000000E-03   1.3612763673875150E-003
         171   2.11000000E-03   1.3083947533596969E-003
         172   2.12000008E-03   1.3551312593834337E-003
         173   2.14000000E-03   1.3708565894000060E-003
         174   2.16999999E-03   1.3670332536232562E-003
         175   2.18000007E-03   1.3526537735388624E-003
         176   2.19999999E-03   1.3846168886636322E-003
         177   2.21000006E-03   1.4011960392926704E-003
         178   2.21000006E-03   1.3303167717665966E-003
         179   2.19999999E-03   1.3482167872332187E-003
         180   2.18999991E-03   1.3990610715903129E-003
         181   2.18999991E-03   1.4075992465403069E-003
         182   2.18000007E-03   1.4308383796416968E-003
         183   2.16999999E-03   1.3339253595591551E-003
         184   2.15999992E-03   1.3427177646364388E-003
         185   2.15000007E-03   1.4188028330471979E-003
         186   2.14000000E-03   1.4441586626048773E-003
         187   2.12000008E-03   1.4333999061614121E-003
         188   2.09999993E-03   1.3611521305689990E-003
         189   2.09000008E-03   1.4186725088427240E-003
         190   2.06999993E-03   1.4271639389172560E-003
         191   2.03999993E-03   1.4362259513794752E-003
         192   2.02000001E-03   1.4217622750490103E-003
         193   1.97000010E-03   1.4485166690262929E-003
         194   1.90999999E-03   1.4306198871160115E-003
         195   1.84000004E-03   1.4514483799849165E-003
         196   1.76000001E-03   1.3745013917684649E-003
         197   1.67999999E-03   1.4642564340916079E-003
         198   1.59000000E-03   1.4578682991897812E-003
         199   1.47999998E-03   1.4437160671728080E-003
         200   1.35999999E-03   1.4870838124729870E-003
         201   1.24999997E-03   1.4774257718985981E-003
         202   1.12000003E-03   1.4877613945442321E-003
         203   9.80000012E-04   1.4480894939127996E-003
         204   8.09999998E-04   1.4777383544826753E-003
         205   6.20000006E-04   1.4786901963537659E-003
         206   4.49999992E-04   1.4567541263652928E-003
         207   2.69999990E-04   1.5270611284770334E-003
         208   9.99999975E-05   1.4307905130931965E-003
         209  -5.99999985E-05   1.4633900425982485E-003
         210  -2.20000002E-04   1.5268592346248499E-003
         211  -3.49999988E-04   1.4976641209744151E-003
         212  -4.90000006E-04   1.4478004415904397E-003
         213  -6.20000006E-04   1.5749424010869921E-003
         214  -7.39999989E-04   1.5169127139485305E-003
         215  -8.59999971E-04   1.5769858496165056E-003
         216  -9.69999994E-04   1.4957456858177361E-003
         217  -1.06000004E-03   1.5027532507437787E-003
         218  -1.15000003E-03   1.5036638526574882E-003
         219  -1.24000001E-03   1.5399148985143492E-003
         220  -1.33000000E-03   1.5266334384325970E-003
         221  -1.39999995E-03   1.5196393102195982E-003
         222  -1.47999998E-03   1.4878247644069082E-003
         223  -1.55000004E-03   1.4724954277864854E-003
         224  -1.62000000E-03   1.4794198950961292E-003
         225  -1.70000002E-03   1.4890429991306210E-003
         226  -1.78000005E-03   1.5031611021968224E-003
         227  -1.85000000E-03   1.4980487401230044E-003
         228  -1.90999999E-03   1.4738538424736716E-003
         229  -1.96000002E-03   1.5372315377038496E-003
         230  -2.00999994E-03   1.4638460465313614E-003
         231  -2.06000009E-03   1.4833520326163021E-003
         232  -2.09999993E-03   1.5109899988303376E-003
         233  -2.15000007E-03   1.5244903401086423E-003
         234  -2.19999999E-03   1.4249867316505941E-003
         235  -2.24000006E-03   1.4875237408347897E-003
         236  -2.28999997E-03   1.5944982124670938E-003
         237  -2.33999989E-03   1.5044391123869073E-003
         238  -2.37999996E-03   1.5227518282291865E-003
         239  -2.42000003E-03   1.5449839956797537E-003
         240  -2.46000011E-03   1.4934016849696983E-003
         241  -2.49000010E-03   1.5501869785047944E-003
         242  -2.52999994E-03   1.5406671907508766E-003
         243  -2.55999994E-03   1.5252256713460270E-003
         244  -2.57000001E-03   1.6248514661988988E-003
         245  -2.58000009E-03   1.5396809223432834E-003
         246  -2.58000009E-03   1.5546217929090773E-003
         247  -2.57000001E-03   1.5107242115334249E-003
         248  -2.55999994E-03   1.5370268282417390E-003
         249  -2.55000009E-03   1.5507734352352399E-003
         250  -2.54000002E-03   1.5676943277981227E-003
         251  -2.51000002E-03   1.5768073673855993E-003
         252  -2.48000002E-03   1.5821248525392027E-003
         253  -2.43000011E-03   1.5667927078374833E-003
         254  -2.36999989E-03   1.5433371824835997E-003
         255  -2.33000005E-03   1.5336961711276795E-003
         256  -2.28999997E-03   1.6172726218116403E-003
         257  -2.25999998E-03   1.5491070658831879E-003
         258  -2.21999991E-03   1.5666022504044949E-003
         259  -2.18000007E-03   1.5903692238084597E-003
         260  -2.12999992E-03   1.4874573247194668E-003
         261  -2.08000001E-03   1.5639391430606283E-003
         262  -2.03000009E-03   1.5596310477602438E-003
         263  -1.97000010E-03   1.5836426021030281E-003
         264  -1.90000003E-03   1.5399500280157384E-003
         265  -1.82999996E-03   1.5449939048604116E-003
         266  -1.76000001E-03   1.5233974681910423E-003
         267  -1.70999998E-03   1.5399517809480251E-003
         268  -1.64000003E-03   1.5824264634218667E-003
         269  -1.53999997E-03   1.5277790193120890E-003
         270  -1.42999995E-03   1.4858961808042728E-003
         271  -1.33000000E-03   1.5535300089723459E-003
         272  -1.21999998E-03   1.5166840536349115E-003
         273  -1.10999995E-03   1.4166850944151005E-003
         274  -1.01999997E-03   1.4917816889294616E-003
         275  -9.20000020E-04   1.4981670796889014E-003
         276  -8.20000016E-04   1.4768854165606159E-003
         277  -7.09999993E-04   1.5255025826795784E-003
         278  -6.09999988E-04   1.4115032373076979E-003
         279  -5.20000001E-04   1.5804715386111567E-003
         280  -4.40000003E-04   1.4496011541038174E-003
         281  -3.60000005E-04   1.4474621910652175E-003
         282  -2.89999996E-04   1.4737572944743958E-003
         283  -2.30000005E-04   1.5098593115989152E-003
         284  -1.99999995E-04   1.4988934615504203E-003
         285  -1.59999996E-04   1.4709521747824400E-003
         286  -1.19999997E-04   1.5124203590553412E-003
         287  -9.99999975E-05   1.4721388382923771E-003
         288  -5.99999985E-05   1.4848947922517497E-003
         289  -3.99999990E-05   1.4811024399319377E-003
         290  -1.99999995E-05   1.4962884553454418E-003
         291  -3.99999990E-05   1.4764578940772728E-003
         292  -7.99999980E-05   1.5423715397130755E-003
         293  -1.59999996E-04   1.5022695814453427E-003
         294  -2.30000005E-04   1.5096359704542836E-003
         295  -3.10000003E-04   1.5356127807945011E-003
         296  -3.60000005E-04   1.5693518353091748E-003
         297  -3.99999990E-04   1.5907954678023647E-003
         298  -4.49999992E-04   1.5981090105274924E-003
         299  -4.90000006E-04   1.6038608151495654E-003
         300  -5.30000019E-04   1.5996404229775664E-003
         301  -6.00000028E-04   1.5874389685546844E-003
         302  -6.39999984E-04   1.5871068183762611E-003
         303  -6.69999979E-04   1.6051060228393739E-003
         304  -6.90000015E-04   1.6541366258668066E-003
         305  -7.09999993E-04   1.6266233256662667E-003
         306  -7.39999989E-04   1.6074889638896235E-003
         307  -7.80000002E-04   1.6028176102303310E-003
         308  -7.99999980E-04   1.5959998493634627E-003
         309  -8.20000016E-04   1.6242472373472459E-003
         310  -8.39999993E-04   1.6432950912644007E-003
         311  -8.50000011E-04   1.6638322281774685E-003
         312  -8.50000011E-04   1.6030228346484976E-003
         313  -8.39999993E-04   1.6489687215427555E-003
         314  -8.20000016E-04   1.6872892517565603E-003
         315  -7.99999980E-04   1.6242109499063383E-003
         316  -7.69999984E-04   1.6243650432043867E-003
         317  -7.39999989E-04   1.6341571403864399E-003
         318  -7.30000029E-04   1.6558081282717304E-003
         319  -6.99999975E-04   1.6847390854568803E-003
         320  -6.99999975E-04   1.6588075240788606E-003
         321  -6.99999975E-04   1.6167622762851830E-003
         322  -7.20000011E-04   1.6517596959454738E-003
         323  -7.39999989E-04   1.6148838455033515E-003
         324  -7.80000002E-04   1.7802635275914829E-003
         325  -8.20000016E-04   1.6723515901467738E-003
         326  -8.59999971E-04   1.6471582594069947E-003
         327  -9.10000002E-04   1.6864245823702904E-003
         328  -9.80000012E-04   1.6899100843986614E-003
         329  -1.06000004E-03   1.5930248388652004E-003
         330  -1.15000003E-03   1.7218245654972092E-003
         331  -1.24999997E-03   1.6477830446221145E-003
         332  -1.35999999E-03   1.7707444999255438E-003
         333  -1.44999998E-03   1.7485130160636469E-003
         334  -1.56000000E-03   1.6693886739149199E-003
         335  -1.64000003E-03   1.7804226177599170E-003
         336  -1.71999994E-03   1.6810630770032629E-003
         337  -1.79000001E-03   1.7422321439245683E-003
         338  -1.85000000E-03   1.7511224237220311E-003
         339  -1.90000003E-03   1.7044700836596695E-003
         340  -1.94999995E-03   1.7065240995650646E-003
         341  -1.97999994E-03   1.7233935199849598E-003
         342  -1.97999994E-03   1.7552067896801659E-003
         343  -1.96000002E-03   1.7076701946968850E-003
         344  -1.93000003E-03   1.7125576568026118E-003
         345  -1.87000004E-03   1.6593938402137806E-003
         346  -1.81000005E-03   1.7414894975211566E-003
         347  -1.73000002E-03   1.7008928652519435E-003
         348  -1.64999999E-03   1.7362057312591934E-003
         349  -1.56000000E-03   1.6777983900296647E-003
         350  -1.46000006E-03   1.5947516752502786E-003
         351  -1.35000004E-03   1.7664643619591373E-003
         352  -1.23000005E-03   1.6565085977068641E-003
         353  -1.12000003E-03   1.7688592803705087E-003
         354  -1.01000001E-03   1.7431634739252778E-003
         355  -9.10000002E-04   1.8034010459685463E-003
         356  -8.39999993E-04   1.6943408797600223E-003
         357  -7.80000002E-04   1.7000240344030200E-003
         358  -7.20000011E-04   1.7213813176107703E-003
         359  -6.60000020E-04   1.7565673114844479E-003
         360  -6.00000028E-04   1.6754291805060161E-003
         361  -5.39999979E-04   1.8102676018919826E-003
         362  -4.79999988E-04   1.7272013219735015E-003
         363  -4.19999997E-04   1.6922416183544542E-003
         364  -3.60000005E-04   1.7054964334072894E-003
         365  -3.10000003E-04   1.6811661459079175E-003
