           1  0.468860000       1.7044576925585692E-003
           2  0.439420015       1.7288998966483833E-003
           3  0.411830008       1.6939819976620647E-003
           4  0.385980010       1.6889183617857209E-003
           5  0.361750007       1.6360108848564546E-003
           6  0.339069992       1.6223414384622210E-003
           7  0.317809999       1.5804509332632279E-003
           8  0.297899991       1.5271530260029893E-003
           9  0.279249996       1.6201630443567572E-003
          10  0.261770010       1.6131565116086497E-003
          11  0.245389998       1.5740969073662580E-003
          12  0.230039999       1.4972219964104409E-003
          13  0.215650007       1.5615710324442986E-003
          14  0.202150002       1.5660207438171637E-003
          15  0.189490005       1.5539531430316322E-003
          16  0.177630007       1.4833436818592787E-003
          17  0.166520000       1.4987697319018339E-003
          18  0.156110004       1.4429882426776652E-003
          19  0.146349996       1.5174186592461681E-003
          20  0.137189999       1.4750244198091845E-003
          21  0.128600001       1.4362714366081691E-003
          22  0.120559998       1.4302474306865942E-003
          23  0.113020003       1.4379158189160202E-003
          24  0.105949998       1.3689218296794618E-003
          25   9.93300006E-02   1.3983029385404011E-003
          26   9.31200013E-02   1.3413776725521393E-003
          27   8.72899964E-02   1.3800096904789721E-003
          28   8.18200037E-02   1.3277549052066132E-003
          29   7.66900033E-02   1.3414237012656499E-003
          30   7.18799978E-02   1.3488762798591790E-003
          31   6.73699975E-02   1.3348469044000787E-003
          32   6.31200001E-02   1.2890123342016219E-003
          33   5.91400005E-02   1.2916481166505582E-003
          34   5.53900003E-02   1.2733772379945356E-003
          35   5.18799983E-02   1.2730783079013344E-003
          36   4.85799983E-02   1.3198521357891124E-003
          37   4.54800017E-02   1.3100192408630493E-003
          38   4.25600000E-02   1.2292167004364953E-003
          39   3.97999994E-02   1.2548932606991229E-003
          40   3.72099988E-02   1.3036354308551845E-003
          41   3.47599983E-02   1.2958828904897932E-003
          42   3.24500017E-02   1.2434358272867608E-003
          43   3.02600004E-02   1.2685467721635032E-003
          44   2.81900000E-02   1.2340883843595383E-003
          45   2.62400005E-02   1.3044935721972185E-003
          46   2.43999995E-02   1.2647551820461334E-003
          47   2.26700008E-02   1.2327440508274859E-003
          48   2.10299995E-02   1.2559465915807984E-003
          49   1.94899999E-02   1.3221612947791183E-003
          50   1.80500001E-02   1.2715519326532820E-003
          51   1.66900009E-02   1.2788277699046981E-003
          52   1.54100005E-02   1.2940273309333273E-003
          53   1.41899996E-02   1.2223786619650475E-003
          54   1.30599998E-02   1.3337268771070740E-003
          55   1.19899996E-02   1.2555092647205603E-003
          56   1.09700002E-02   1.2893334583896738E-003
          57   1.00199999E-02   1.2715556286041175E-003
          58   9.11999959E-03   1.2354128316549649E-003
          59   8.27000011E-03   1.2459977990443886E-003
          60   7.48000015E-03   1.3215132094886685E-003
          61   6.74000010E-03   1.2939770916578291E-003
          62   6.03999989E-03   1.2591335554657983E-003
          63   5.37999999E-03   1.2574511445679374E-003
          64   4.75999992E-03   1.3022787663885735E-003
          65   4.18000016E-03   1.2810829799980428E-003
          66   3.65999993E-03   1.2446677460976685E-003
          67   3.16999992E-03   1.2917920120792089E-003
          68   2.71999999E-03   1.3076364837657460E-003
          69   2.30000005E-03   1.2568584134876421E-003
          70   1.90999999E-03   1.2939305725344766E-003
          71   1.56999996E-03   1.2654884856168065E-003
          72   1.27999997E-03   1.2833921578593308E-003
          73   1.01000001E-03   1.2660392022369336E-003
          74   7.80000002E-04   1.2699129410792531E-003
          75   5.90000011E-04   1.2989524183491183E-003
          76   4.19999997E-04   1.2938258386356737E-003
          77   2.89999996E-04   1.3108676768198901E-003
          78   1.80000003E-04   1.2934205054031499E-003
          79   7.99999980E-05   1.3026825763763686E-003
          80   9.99999975E-06   1.2829615586023183E-003
          81  -2.99999992E-05   1.2760201431840199E-003
          82  -5.99999985E-05   1.3319719028544797E-003
          83  -9.00000014E-05   1.2500380606249831E-003
          84  -1.19999997E-04   1.2581449112843276E-003
          85  -1.30000000E-04   1.3116473479524891E-003
          86  -1.40000004E-04   1.3155772326318418E-003
          87  -1.30000000E-04   1.2798492907225643E-003
          88  -1.10000001E-04   1.3316411013303317E-003
          89  -9.00000014E-05   1.2970707813190880E-003
          90  -5.99999985E-05   1.2804874513643312E-003
          91  -2.99999992E-05   1.2764234188467028E-003
          92   0.00000000       1.3152204561487882E-003
          93   1.99999995E-05   1.3048921079466054E-003
          94   5.99999985E-05   1.2880373119998519E-003
          95   9.00000014E-05   1.2636677343360453E-003
          96   1.50000007E-04   1.2737794847652222E-003
          97   2.09999998E-04   1.3455934728301899E-003
          98   2.80000007E-04   1.2896238279574695E-003
          99   3.39999999E-04   1.3065816526205245E-003
         100   3.90000001E-04   1.3317629978318514E-003
         101   4.49999992E-04   1.2782427395456983E-003
         102   5.00000024E-04   1.2999371852370498E-003
         103   5.39999979E-04   1.2616181868275202E-003
         104   5.79999993E-04   1.2728179136991256E-003
         105   6.39999984E-04   1.3353047364614448E-003
         106   6.79999997E-04   1.3075935240296787E-003
         107   7.39999989E-04   1.3165004500843942E-003
         108   7.99999980E-04   1.3079981127179330E-003
         109   8.69999989E-04   1.2195477248611378E-003
         110   9.20000020E-04   1.2878875001150702E-003
         111   9.50000016E-04   1.3027087519919397E-003
         112   9.89999971E-04   1.3455062037254345E-003
         113   1.01000001E-03   1.2730317254877705E-003
         114   1.01999997E-03   1.3059074932362882E-003
         115   1.04000000E-03   1.3351842516971428E-003
         116   1.04999996E-03   1.2933114422306476E-003
         117   1.04999996E-03   1.2832430058959852E-003
         118   1.03000004E-03   1.3112525859764398E-003
         119   1.01000001E-03   1.3485694455045881E-003
         120   9.80000012E-04   1.3448548833188483E-003
         121   9.50000016E-04   1.3616989649473151E-003
         122   9.29999980E-04   1.2572443729127096E-003
         123   9.10000002E-04   1.3417558386122838E-003
         124   8.99999985E-04   1.2710950868340264E-003
         125   8.80000007E-04   1.3233239060512190E-003
         126   8.69999989E-04   1.3023836940846078E-003
         127   8.59999971E-04   1.3608705161141342E-003
         128   8.39999993E-04   1.2736702014687269E-003
         129   8.29999975E-04   1.3062447619956285E-003
         130   8.09999998E-04   1.3124526889979266E-003
         131   7.90000020E-04   1.4206533142789020E-003
         132   7.69999984E-04   1.3337110438023205E-003
         133   7.60000024E-04   1.3504171554503542E-003
         134   7.30000029E-04   1.3733639334397652E-003
         135   6.79999997E-04   1.3888264238779233E-003
         136   6.60000020E-04   1.4173063888686499E-003
         137   6.20000006E-04   1.3907680470804137E-003
         138   5.79999993E-04   1.3491109747252566E-003
         139   5.49999997E-04   1.3230179928221532E-003
         140   5.00000024E-04   1.3931649500589711E-003
         141   4.60000010E-04   1.4548770854804062E-003
         142   4.19999997E-04   1.3436118292356142E-003
         143   3.80000012E-04   1.4050131537961539E-003
         144   3.60000005E-04   1.3935483263130719E-003
         145   3.30000010E-04   1.4176945649375433E-003
         146   2.89999996E-04   1.4389103581662305E-003
         147   2.80000007E-04   1.4355667917135158E-003
         148   2.69999990E-04   1.3817168459407303E-003
         149   2.60000001E-04   1.4123827222554490E-003
         150   2.50000012E-04   1.4168107607981325E-003
         151   2.39999994E-04   1.4222817313570932E-003
         152   2.39999994E-04   1.3761148745569838E-003
         153   2.39999994E-04   1.4220440951152567E-003
         154   2.39999994E-04   1.4275006243741645E-003
         155   2.39999994E-04   1.4188138364295136E-003
         156   2.50000012E-04   1.4147420643580897E-003
         157   2.60000001E-04   1.4362881346758386E-003
         158   2.69999990E-04   1.3596000589194384E-003
         159   2.80000007E-04   1.4230881013965280E-003
         160   2.80000007E-04   1.3938363910140480E-003
         161   2.69999990E-04   1.4380796712159568E-003
         162   2.50000012E-04   1.3997066390021729E-003
         163   2.30000005E-04   1.4629310798857994E-003
         164   2.20000002E-04   1.3784088996674259E-003
         165   1.99999995E-04   1.4420811049980285E-003
         166   1.80000003E-04   1.3971685991383011E-003
         167   1.59999996E-04   1.3566107149651356E-003
         168   1.50000007E-04   1.3793446940754993E-003
         169   1.40000004E-04   1.4222313370928121E-003
         170   1.19999997E-04   1.4485949633290065E-003
         171   9.00000014E-05   1.4796032625753271E-003
         172   3.99999990E-05   1.3975316373439743E-003
         173   0.00000000       1.3991300659831384E-003
         174  -4.99999987E-05   1.3836098699472328E-003
         175  -9.99999975E-05   1.4280866192786428E-003
         176  -1.30000000E-04   1.4039009808807035E-003
         177  -1.69999999E-04   1.4492186825156971E-003
         178  -1.99999995E-04   1.4386960493658070E-003
         179  -2.30000005E-04   1.4417463296890840E-003
         180  -2.50000012E-04   1.4174888398855018E-003
         181  -2.69999990E-04   1.4552154658658311E-003
         182  -3.10000003E-04   1.4081304663614940E-003
         183  -3.39999999E-04   1.4265676204204100E-003
         184  -3.69999994E-04   1.4371465020742023E-003
         185  -3.99999990E-04   1.4225160102180228E-003
         186  -4.29999985E-04   1.3906381567320937E-003
         187  -4.69999999E-04   1.4492726597791390E-003
         188  -5.00000024E-04   1.4075217836217349E-003
         189  -5.00000024E-04   1.4628568936508391E-003
         190  -5.20000001E-04   1.4187214016923347E-003
         191  -5.30000019E-04   1.3966399738751145E-003
         192  -5.30000019E-04   1.3980607618750919E-003
         193  -5.20000001E-04   1.4835331297950855E-003
         194  -5.30000019E-04   1.4616264608201563E-003
         195  -5.39999979E-04   1.4494659562063305E-003
         196  -5.49999997E-04   1.4377151583031169E-003
         197  -5.69999975E-04   1.3909263341182290E-003
         198  -5.90000011E-04   1.4522183387718035E-003
         199  -6.00000028E-04   1.4216189895219261E-003
         200  -6.09999988E-04   1.4486734430641398E-003
         201  -6.20000006E-04   1.3967435801653574E-003
         202  -6.30000024E-04   1.4085657628338576E-003
         203  -6.20000006E-04   1.4652135146656791E-003
         204  -6.00000028E-04   1.4432182898884670E-003
         205  -5.79999993E-04   1.4274760383615730E-003
         206  -5.60000015E-04   1.4427333338293898E-003
         207  -5.39999979E-04   1.4452645161830272E-003
         208  -5.00000024E-04   1.4365923741053023E-003
         209  -4.60000010E-04   1.4538098769242176E-003
         210  -3.99999990E-04   1.4031309233705916E-003
         211  -3.30000010E-04   1.4594203266585478E-003
         212  -2.50000012E-04   1.4508767030466023E-003
         213  -1.69999999E-04   1.5077771244933265E-003
         214  -9.00000014E-05   1.4503701397759145E-003
         215   0.00000000       1.5150108600480777E-003
         216   7.99999980E-05   1.4429970157135985E-003
         217   1.69999999E-04   1.4540136867767475E-003
         218   2.60000001E-04   1.4459903910117331E-003
         219   3.39999999E-04   1.4829747658285323E-003
         220   4.10000008E-04   1.4734125377922895E-003
         221   4.69999999E-04   1.4196711327003997E-003
         222   5.09999983E-04   1.4431086211209698E-003
         223   5.39999979E-04   1.4557587872803873E-003
         224   5.79999993E-04   1.4525253414980101E-003
         225   6.30000024E-04   1.4575355175486463E-003
         226   6.79999997E-04   1.4804162888759785E-003
         227   7.30000029E-04   1.4605448082075977E-003
         228   7.80000002E-04   1.4622932154256501E-003
         229   8.39999993E-04   1.5073318204078389E-003
         230   8.99999985E-04   1.4940421646504932E-003
         231   9.59999976E-04   1.4410421700799018E-003
         232   1.01999997E-03   1.4734223406059209E-003
         233   1.07000000E-03   1.5049078692163152E-003
         234   1.10999995E-03   1.4563895113182943E-003
         235   1.16999994E-03   1.4743563745520018E-003
         236   1.21000002E-03   1.5379383217712771E-003
         237   1.26000005E-03   1.4858703222689286E-003
         238   1.29000004E-03   1.4902162402187359E-003
         239   1.33000000E-03   1.4813816524664220E-003
         240   1.35999999E-03   1.5110532429132243E-003
         241   1.38000003E-03   1.5275951419839724E-003
         242   1.39999995E-03   1.5178370974621828E-003
         243   1.41999999E-03   1.5574477344470069E-003
         244   1.44000002E-03   1.4818039202247502E-003
         245   1.44999998E-03   1.5062504468356388E-003
         246   1.44000002E-03   1.4749717827355589E-003
         247   1.44000002E-03   1.5367337493468311E-003
         248   1.41999999E-03   1.5278151480684989E-003
         249   1.38000003E-03   1.5264275729969384E-003
         250   1.32000004E-03   1.4542217751050497E-003
         251   1.27000001E-03   1.5509375314674623E-003
         252   1.20000006E-03   1.5035028919025172E-003
         253   1.10999995E-03   1.5269374334280033E-003
         254   1.01999997E-03   1.4936907860743673E-003
         255   9.20000020E-04   1.5062255007625299E-003
         256   8.20000016E-04   1.5205323516207612E-003
         257   7.20000011E-04   1.5497202432599880E-003
         258   6.20000006E-04   1.4978132730577381E-003
         259   5.09999983E-04   1.4864855958582927E-003
         260   4.10000008E-04   1.4858022312594082E-003
         261   3.19999992E-04   1.5650615669473946E-003
         262   2.30000005E-04   1.5534810780524141E-003
         263   1.50000007E-04   1.5602131481140403E-003
         264   7.00000019E-05   1.5724901283157050E-003
         265   1.99999995E-05   1.5228349024994539E-003
         266  -2.99999992E-05   1.5693862790536757E-003
         267  -7.00000019E-05   1.5824525346913355E-003
         268  -1.10000001E-04   1.5333529931155492E-003
         269  -1.50000007E-04   1.5112702270592975E-003
         270  -1.80000003E-04   1.5104664916067696E-003
         271  -1.99999995E-04   1.5312775596093954E-003
         272  -2.20000002E-04   1.4690894061012193E-003
         273  -2.60000001E-04   1.5376415472718107E-003
         274  -2.80000007E-04   1.4729158218498761E-003
         275  -2.89999996E-04   1.5608976306497389E-003
         276  -2.80000007E-04   1.5405515033382724E-003
         277  -2.80000007E-04   1.5411434227593397E-003
         278  -2.89999996E-04   1.5433645723258900E-003
         279  -2.89999996E-04   1.5311434337275155E-003
         280  -2.89999996E-04   1.5179622480114721E-003
         281  -2.89999996E-04   1.5583756676442496E-003
         282  -2.80000007E-04   1.5883220368710670E-003
         283  -2.60000001E-04   1.5441718395939491E-003
         284  -2.39999994E-04   1.5183724616245344E-003
         285  -2.20000002E-04   1.5565103733942640E-003
         286  -1.99999995E-04   1.5584064874951166E-003
         287  -1.90000006E-04   1.5360440720326666E-003
         288  -1.69999999E-04   1.5520086292083346E-003
         289  -1.50000007E-04   1.5637126243886316E-003
         290  -9.99999975E-05   1.5299303201385195E-003
         291  -4.99999987E-05   1.5766487307155815E-003
         292   0.00000000       1.5669441875099080E-003
         293   7.00000019E-05   1.5888399962557837E-003
         294   1.50000007E-04   1.5864959878855870E-003
         295   2.39999994E-04   1.6136589181853609E-003
         296   3.30000010E-04   1.5621480281296431E-003
         297   4.29999985E-04   1.5918875207810879E-003
         298   5.49999997E-04   1.5588721026266845E-003
         299   6.79999997E-04   1.6375529879463710E-003
         300   8.09999998E-04   1.5470199361611984E-003
         301   9.50000016E-04   1.6275593782269606E-003
         302   1.07999996E-03   1.5377475506620237E-003
         303   1.21999998E-03   1.5421568139172602E-003
         304   1.35000004E-03   1.5722154000019327E-003
         305   1.47000002E-03   1.6054147004799766E-003
         306   1.59000000E-03   1.6135250312393648E-003
         307   1.70000002E-03   1.6054018390096181E-003
         308   1.79000001E-03   1.5486368911346510E-003
         309   1.85999996E-03   1.6579122840031265E-003
         310   1.93000003E-03   1.5420448091572345E-003
         311   1.96000002E-03   1.6313357327645773E-003
         312   1.97999994E-03   1.6713651687677964E-003
         313   1.97999994E-03   1.6426151899444920E-003
         314   1.94999995E-03   1.5479538018492013E-003
         315   1.90999999E-03   1.7104278383074988E-003
         316   1.84000004E-03   1.6039143274934949E-003
         317   1.78000005E-03   1.6868495523005064E-003
         318   1.70999998E-03   1.5668307728255485E-003
         319   1.64999999E-03   1.6818577358343630E-003
         320   1.59000000E-03   1.6319071177902222E-003
         321   1.53000001E-03   1.5698666304857860E-003
         322   1.47000002E-03   1.6653776563969902E-003
         323   1.41000003E-03   1.6627677009633795E-003
         324   1.33999996E-03   1.7280744852135601E-003
         325   1.27999997E-03   1.7141327315963097E-003
         326   1.21000002E-03   1.6786333457008802E-003
         327   1.12999999E-03   1.7028884374378423E-003
         328   1.06000004E-03   1.6890209923394928E-003
         329   1.00000005E-03   1.6485459809513785E-003
         330   9.50000016E-04   1.6751210611438143E-003
         331   9.10000002E-04   1.6098931246423395E-003
         332   8.69999989E-04   1.7451136299811221E-003
         333   8.29999975E-04   1.6494054400627610E-003
         334   8.09999998E-04   1.6184450374360823E-003
         335   7.90000020E-04   1.6333115614265588E-003
         336   7.69999984E-04   1.6406353988275160E-003
         337   7.39999989E-04   1.6428937820870948E-003
         338   7.30000029E-04   1.7426988237905978E-003
         339   7.30000029E-04   1.6584888727201683E-003
         340   7.39999989E-04   1.7219394985620263E-003
         341   7.60000024E-04   1.7284710809041994E-003
         342   7.90000020E-04   1.7271342707051484E-003
         343   8.20000016E-04   1.6649515758182340E-003
         344   8.39999993E-04   1.7011710473032818E-003
         345   8.50000011E-04   1.6921074415233396E-003
         346   8.50000011E-04   1.6601346078320141E-003
         347   8.50000011E-04   1.7074748202077332E-003
         348   8.50000011E-04   1.6537108164706054E-003
         349   8.29999975E-04   1.6912320112271620E-003
         350   8.20000016E-04   1.7302400018524100E-003
         351   8.20000016E-04   1.6808980045326766E-003
         352   8.09999998E-04   1.7166791438459478E-003
         353   8.09999998E-04   1.7087256086183431E-003
         354   7.99999980E-04   1.7580309794748470E-003
         355   7.90000020E-04   1.7470945582448018E-003
         356   7.69999984E-04   1.7676123298733673E-003
         357   7.60000024E-04   1.7014679644725768E-003
         358   7.60000024E-04   1.7569512915794020E-003
         359   7.50000007E-04   1.7453577589738021E-003
         360   7.39999989E-04   1.7721546519345664E-003
         361   7.30000029E-04   1.7334933911031863E-003
         362   7.39999989E-04   1.8448500878990293E-003
         363   7.50000007E-04   1.7657811985835091E-003
         364   7.69999984E-04   1.7892249230834051E-003
         365   7.80000002E-04   1.8293797942334736E-003
         366   7.90000020E-04   1.8029011307106155E-003
         367   7.90000020E-04   1.7456031721165312E-003
         368   7.69999984E-04   1.8328793356253191E-003
         369   7.50000007E-04   1.8244527173381490E-003
         370   7.30000029E-04   1.7944915557567059E-003
         371   6.99999975E-04   1.8352762407111505E-003
         372   6.90000015E-04   1.7806230304871669E-003
         373   6.69999979E-04   1.8522557933404469E-003
         374   6.60000020E-04   1.8460513599222880E-003
         375   6.39999984E-04   1.8506578789863194E-003
         376   6.09999988E-04   1.7958876476473614E-003
         377   5.69999975E-04   1.7643937129770027E-003
         378   5.20000001E-04   1.8365461009026492E-003
         379   4.79999988E-04   1.7899432783627439E-003
         380   4.19999997E-04   1.9373814233646814E-003
         381   3.60000005E-04   1.8628563826128366E-003
         382   3.00000014E-04   1.7840664642098654E-003
         383   2.39999994E-04   1.8337681026121245E-003
         384   1.69999999E-04   1.8791842434616787E-003
         385   9.99999975E-05   1.7802312589531349E-003
