           1  0.451319993       1.1949572383367464E-003
           2  0.407579988       1.1332257954534900E-003
           3  0.368079990       1.1220210354522362E-003
           4  0.332399994       1.1372602385706742E-003
           5  0.300170004       1.1381811647359773E-003
           6  0.271070004       1.1216264835355828E-003
           7  0.244810000       1.0962699079077002E-003
           8  0.221090004       1.0919893968634553E-003
           9  0.199650005       1.0293334043729131E-003
          10  0.180299997       1.0248193808397642E-003
          11  0.162809998       1.0362681819640037E-003
          12  0.147029996       9.6166866562592281E-004
          13  0.132780001       9.7543221414776911E-004
          14  0.119900003       9.6132418926172766E-004
          15  0.108280003       9.2877727289611466E-004
          16   9.78000015E-02   9.3535319876806937E-004
          17   8.83100033E-02   9.3479522858530692E-004
          18   7.97400028E-02   9.7025339174740505E-004
          19   7.20200017E-02   9.2713347276778327E-004
          20   6.50200024E-02   9.2249173768438667E-004
          21   5.87100014E-02   9.1254588150754714E-004
          22   5.30299991E-02   9.2031773554863278E-004
          23   4.79199998E-02   8.9724816896263112E-004
          24   4.33299989E-02   8.8848176236448078E-004
          25   3.91799994E-02   8.8091793101224977E-004
          26   3.54299992E-02   9.0748950857155372E-004
          27   3.20400000E-02   9.0104434349365359E-004
          28   2.89799999E-02   8.8789636370489194E-004
          29   2.62100007E-02   9.0320086964823542E-004
          30   2.37000007E-02   9.0952323788390016E-004
          31   2.14399993E-02   8.7457455701215301E-004
          32   1.94000006E-02   8.8239487098796436E-004
          33   1.75800007E-02   8.4445212368647847E-004
          34   1.59200002E-02   8.8646677030414364E-004
          35   1.44499997E-02   8.8778222060055339E-004
          36   1.31200003E-02   8.8917273327713967E-004
          37   1.19200004E-02   8.7708750300209877E-004
          38   1.08200004E-02   9.1601828984888350E-004
          39   9.82999988E-03   9.0841101396222485E-004
          40   8.94999970E-03   8.5287490820391886E-004
          41   8.12999997E-03   9.0118177106634958E-004
          42   7.37999985E-03   9.1095445733406532E-004
          43   6.69000018E-03   8.7235230613924163E-004
          44   6.06000004E-03   9.0513620871843507E-004
          45   5.47999982E-03   8.7274102751739267E-004
          46   4.93999990E-03   8.8798014869036061E-004
          47   4.43999982E-03   8.3764736305071315E-004
          48   4.00000019E-03   8.6936020956053745E-004
          49   3.59999994E-03   8.4751438525192254E-004
          50   3.22000007E-03   8.8655939775762261E-004
          51   2.82999990E-03   8.9669740653246330E-004
          52   2.51000002E-03   8.5495885196874150E-004
          53   2.21000006E-03   8.6514705250474982E-004
          54   1.93000003E-03   8.7357547942530276E-004
          55   1.64000003E-03   8.6454847028024880E-004
          56   1.35999999E-03   9.2567636139591445E-004
          57   1.12000003E-03   8.7246569335308209E-004
          58   9.29999980E-04   9.0105126411336848E-004
          59   7.69999984E-04   9.1962641402517037E-004
          60   6.69999979E-04   9.0794640451480758E-004
          61   6.00000028E-04   8.9316031772350315E-004
          62   5.39999979E-04   8.8592819116636628E-004
          63   4.90000006E-04   9.5400526784155618E-004
          64   4.60000010E-04   9.0981572168943067E-004
          65   4.49999992E-04   9.1784732867165192E-004
          66   4.69999999E-04   9.1823708098739553E-004
          67   4.90000006E-04   9.0820220566312151E-004
          68   4.90000006E-04   9.2115629366785275E-004
          69   4.90000006E-04   9.1995455537621123E-004
          70   4.79999988E-04   9.0771940177199141E-004
          71   4.69999999E-04   8.8547553285862272E-004
          72   4.49999992E-04   9.2547488217358496E-004
          73   4.29999985E-04   9.1109789300584856E-004
          74   3.80000012E-04   8.9285920856167734E-004
          75   3.30000010E-04   8.8203448815965459E-004
          76   3.00000014E-04   9.2066022657004269E-004
          77   2.69999990E-04   9.1361207642577408E-004
          78   2.50000012E-04   9.1193011018661822E-004
          79   2.39999994E-04   9.3609108376031531E-004
          80   2.50000012E-04   8.9593776503500992E-004
          81   2.50000012E-04   9.3195216155774103E-004
          82   2.60000001E-04   9.3749746425899499E-004
          83   2.50000012E-04   9.5437169143527305E-004
          84   2.50000012E-04   8.8728099942006694E-004
          85   2.20000002E-04   9.3338919422297003E-004
          86   1.59999996E-04   9.2563902315205148E-004
          87   7.99999980E-05   8.9589553243751396E-004
          88   1.99999995E-05   9.1755735712278083E-004
          89  -2.99999992E-05   9.3617095090882190E-004
          90  -4.99999987E-05   9.2568869105405299E-004
          91  -7.99999980E-05   9.3480219464260410E-004
          92  -9.99999975E-05   9.5645422345212586E-004
          93  -1.30000000E-04   9.3924909699325812E-004
          94  -1.80000003E-04   9.6505014372347427E-004
          95  -2.39999994E-04   9.1255396534962020E-004
          96  -2.69999990E-04   9.1606003238320084E-004
          97  -3.19999992E-04   9.4599242143258760E-004
          98  -3.69999994E-04   9.8044507684063600E-004
          99  -4.19999997E-04   9.1527533124375346E-004
         100  -4.69999999E-04   9.4521970249101129E-004
         101  -5.00000024E-04   9.1127794643285662E-004
         102  -5.09999983E-04   9.5229420392405398E-004
         103  -5.49999997E-04   9.1218230212968226E-004
         104  -5.79999993E-04   9.1744865220277439E-004
         105  -6.00000028E-04   9.3249628301681267E-004
         106  -6.20000006E-04   9.5334928571867499E-004
         107  -6.39999984E-04   9.3522760119793720E-004
         108  -6.60000020E-04   9.2235576544619777E-004
         109  -6.79999997E-04   9.5335612282162032E-004
         110  -7.09999993E-04   9.4822574611202299E-004
         111  -7.50000007E-04   9.3140407909201607E-004
         112  -8.09999998E-04   9.5640632133253039E-004
         113  -8.90000025E-04   9.7081078636130768E-004
         114  -9.59999976E-04   9.3992110174177443E-004
         115  -1.03000004E-03   9.7058684197097293E-004
         116  -1.09999999E-03   9.7154925664093218E-004
         117  -1.18999998E-03   9.5833319476297172E-004
         118  -1.24999997E-03   9.5105466851851486E-004
         119  -1.32000004E-03   1.0027011931251987E-003
         120  -1.38000003E-03   9.7172474055110620E-004
         121  -1.42999995E-03   9.6503778365432109E-004
         122  -1.47000002E-03   9.8700811628462271E-004
         123  -1.50999997E-03   1.0072201524886067E-003
         124  -1.56000000E-03   9.9298755619968188E-004
         125  -1.59000000E-03   1.0437893799550152E-003
         126  -1.58000004E-03   9.4632937715814444E-004
         127  -1.58000004E-03   1.0201192273550019E-003
         128  -1.55000004E-03   9.8075609500515039E-004
         129  -1.52000005E-03   9.8669837959381086E-004
         130  -1.49000005E-03   9.9312931318583874E-004
         131  -1.44999998E-03   1.0349389946668155E-003
         132  -1.39999995E-03   9.8538645280918293E-004
         133  -1.35999999E-03   1.0071853392196292E-003
         134  -1.30999996E-03   1.0287644699792087E-003
         135  -1.27999997E-03   1.0173246030832697E-003
         136  -1.27000001E-03   1.0098997854239124E-003
         137  -1.24000001E-03   1.0137270933729301E-003
         138  -1.21000002E-03   1.0354064596353836E-003
         139  -1.16999994E-03   1.0285270976035557E-003
         140  -1.12999999E-03   1.0326626260900884E-003
         141  -1.06000004E-03   1.0094419258701807E-003
         142  -1.00000005E-03   1.0200198577911138E-003
         143  -9.50000016E-04   1.0306105816120464E-003
         144  -9.20000020E-04   1.0174096171539225E-003
         145  -8.99999985E-04   9.9671441333399279E-004
         146  -8.90000025E-04   9.9689213825873506E-004
         147  -8.90000025E-04   9.8056662693873572E-004
         148  -8.99999985E-04   9.8620631301902899E-004
         149  -9.29999980E-04   9.4307304791375771E-004
         150  -9.29999980E-04   1.0141840402239279E-003
         151  -9.10000002E-04   9.9938796606120761E-004
         152  -8.80000007E-04   1.0035850810529326E-003
         153  -8.39999993E-04   9.7710305724448541E-004
         154  -7.99999980E-04   9.7884055638703922E-004
         155  -7.30000029E-04   9.4682416194994475E-004
         156  -6.30000024E-04   1.0245173831520940E-003
         157  -5.69999975E-04   1.0149014963784630E-003
         158  -5.00000024E-04   9.9068815763948804E-004
         159  -4.29999985E-04   9.5025812554979804E-004
         160  -3.39999999E-04   1.0132535589335819E-003
         161  -2.60000001E-04   1.0408364080994818E-003
         162  -1.69999999E-04   1.0052316914613631E-003
         163  -9.00000014E-05   1.0329290142531554E-003
         164   0.00000000       9.7966968248131741E-004
         165   1.10000001E-04   9.8968653187630476E-004
         166   2.20000002E-04   1.0485216920232809E-003
         167   3.19999992E-04   1.0079370894844277E-003
         168   3.99999990E-04   1.0182460751889321E-003
         169   4.90000006E-04   1.0543400809196336E-003
         170   5.79999993E-04   9.9518888027301912E-004
         171   6.30000024E-04   1.0760610116264365E-003
         172   6.99999975E-04   1.0748269494975384E-003
         173   7.80000002E-04   1.0395926421410402E-003
         174   8.59999971E-04   1.0744977008871443E-003
         175   9.69999994E-04   1.0701883927711129E-003
         176   1.06000004E-03   1.0987000134686908E-003
         177   1.10999995E-03   1.0466729602689700E-003
         178   1.18000002E-03   1.0955870465018866E-003
         179   1.24999997E-03   1.1057909077112451E-003
         180   1.29000004E-03   1.0534856759024367E-003
         181   1.33999996E-03   1.0672477237142768E-003
         182   1.35999999E-03   1.0483705259336630E-003
         183   1.35999999E-03   1.0421369867688486E-003
         184   1.33000000E-03   1.0446564911803459E-003
         185   1.29000004E-03   1.0978094527041883E-003
         186   1.24999997E-03   1.1183301349678180E-003
         187   1.18999998E-03   1.0639096482910853E-003
         188   1.13999995E-03   1.0685678223719892E-003
         189   1.07999996E-03   1.0304121352546173E-003
         190   1.00000005E-03   1.0586452242026595E-003
         191   8.90000025E-04   1.0664305403104855E-003
         192   7.69999984E-04   1.0777040085196373E-003
         193   6.39999984E-04   1.0512866536191738E-003
         194   5.39999979E-04   1.0128040721810395E-003
         195   4.29999985E-04   1.0637430868656514E-003
         196   3.19999992E-04   1.0151547272844352E-003
         197   2.09999998E-04   1.0382404757094460E-003
         198   1.10000001E-04   1.0980656268242562E-003
         199   9.99999975E-06   1.0273895261859176E-003
         200  -1.10000001E-04   1.0749608710989426E-003
         201  -2.20000002E-04   1.0470020865949610E-003
         202  -3.19999992E-04   1.0833383712880577E-003
         203  -3.49999988E-04   1.0463515449775837E-003
         204  -3.69999994E-04   1.0899593963863143E-003
         205  -4.10000008E-04   1.0728248381180524E-003
         206  -4.10000008E-04   1.1395334432470266E-003
         207  -4.19999997E-04   1.0593123875601343E-003
         208  -3.99999990E-04   1.1092227525479677E-003
         209  -3.80000012E-04   1.0646770929941070E-003
         210  -3.30000010E-04   1.1100250892706208E-003
         211  -2.60000001E-04   1.0450742195224822E-003
         212  -1.59999996E-04   1.0889691087974823E-003
         213  -7.00000019E-05   1.1028187900315493E-003
         214   0.00000000       1.1137145378670693E-003
         215   7.99999980E-05   1.1175374726770831E-003
         216   1.59999996E-04   1.0715851398284890E-003
         217   2.50000012E-04   1.1252692869779886E-003
         218   3.30000010E-04   1.1196767177937498E-003
         219   3.99999990E-04   1.1180134612150615E-003
         220   4.49999992E-04   1.0963918407843061E-003
         221   4.69999999E-04   1.1674998357578217E-003
         222   4.79999988E-04   1.1611150594637804E-003
         223   4.60000010E-04   1.0734609134375552E-003
         224   4.60000010E-04   1.1092419917061473E-003
         225   4.69999999E-04   1.1599078060336371E-003
         226   5.09999983E-04   1.1570854349178231E-003
         227   5.20000001E-04   1.1103313494412637E-003
         228   5.39999979E-04   1.1213139181884106E-003
         229   5.60000015E-04   1.0897474140056569E-003
         230   5.69999975E-04   1.1734867403034891E-003
         231   5.90000011E-04   1.1510593423090581E-003
         232   6.39999984E-04   1.1669060063177216E-003
         233   6.50000002E-04   1.1740070862732454E-003
         234   6.39999984E-04   1.1431548965755180E-003
         235   6.30000024E-04   1.1398307052059053E-003
         236   6.39999984E-04   1.2366750444964844E-003
         237   6.50000002E-04   1.2067992668198077E-003
         238   6.79999997E-04   1.1391078038984733E-003
         239   7.20000011E-04   1.1387942719256368E-003
         240   7.50000007E-04   1.2033233717478700E-003
         241   8.29999975E-04   1.1782205010882675E-003
         242   8.59999971E-04   1.1485516217954437E-003
         243   8.80000007E-04   1.1784238965696513E-003
         244   8.69999989E-04   1.2016195643344575E-003
         245   8.59999971E-04   1.1996697287685631E-003
