           1  0.368609995       4.3635641011548492E-004
           2  0.274890006       4.4312630600611006E-004
           3  0.205050007       4.0424234253903915E-004
           4  0.152930006       3.8697140110619221E-004
           5  0.114100002       3.6309686118607892E-004
           6   8.51100013E-02   3.5494093425799669E-004
           7   6.34599999E-02   3.3543411294213320E-004
           8   4.72799987E-02   3.2315588778130961E-004
           9   3.52299996E-02   3.3089837970744489E-004
          10   2.62100007E-02   3.3121131719468652E-004
          11   1.94400009E-02   3.2096971504586984E-004
          12   1.43299997E-02   3.1511416941049233E-004
          13   1.04900002E-02   3.2322360458901468E-004
          14   7.59000005E-03   3.1494091936025041E-004
          15   5.47000021E-03   3.2541426051114884E-004
          16   4.06000018E-03   3.2095779235481129E-004
          17   2.98000011E-03   3.2504366606053362E-004
          18   2.18999991E-03   3.2663493420831934E-004
          19   1.67999999E-03   3.1469699374085734E-004
          20   1.33000000E-03   3.3100632685250156E-004
          21   1.04999996E-03   3.2835442680669176E-004
          22   7.80000002E-04   3.2831166479652606E-004
          23   5.49999997E-04   3.3750259050903641E-004
          24   3.19999992E-04   3.3985748529072015E-004
          25   1.59999996E-04   3.3807037782100185E-004
          26   3.99999990E-05   3.4623927858631746E-004
          27  -1.59999996E-04   3.4221200815586232E-004
          28  -3.00000014E-04   3.4265586985566079E-004
          29  -3.80000012E-04   3.4199876587917902E-004
          30  -3.90000001E-04   3.4065455164113774E-004
          31  -2.80000007E-04   3.5927076066628519E-004
          32  -2.69999990E-04   3.6255147761246143E-004
          33  -1.69999999E-04   3.6128593196986465E-004
          34  -7.00000019E-05   3.4601780927451795E-004
          35  -9.99999975E-06   3.5882222376346003E-004
          36   0.00000000       3.4540367418466549E-004
          37   7.00000019E-05   3.6572230028596555E-004
          38   1.50000007E-04   3.5993187689925180E-004
          39   2.20000002E-04   3.8344344832828722E-004
          40   3.39999999E-04   3.8268219644246876E-004
          41   4.69999999E-04   3.7911675397363437E-004
          42   4.79999988E-04   3.7420841416991359E-004
          43   5.79999993E-04   3.7908306029296274E-004
          44   6.39999984E-04   3.6465088659350385E-004
          45   6.39999984E-04   3.6271454002165482E-004
          46   6.00000028E-04   3.6057732607099453E-004
          47   4.79999988E-04   3.5970958749469254E-004
          48   4.19999997E-04   3.5926636015769453E-004
          49   2.69999990E-04   3.5446629817654867E-004
          50   4.99999987E-05   3.5652556824474608E-004
          51  -9.00000014E-05   3.6935765110066563E-004
          52  -7.99999980E-05   3.8208025852219896E-004
          53  -9.00000014E-05   3.7544806289575275E-004
          54  -1.30000000E-04   3.7664241510806246E-004
          55   0.00000000       3.6754900234218233E-004
          56   9.00000014E-05   3.6476618176164944E-004
          57   7.00000019E-05   3.6373771586148244E-004
          58   9.99999975E-05   3.6714945531685333E-004
          59   1.59999996E-04   3.7223258739326192E-004
          60   1.50000007E-04   3.5673710972705230E-004
          61   1.19999997E-04   3.7768807144682382E-004
          62   5.99999985E-05   4.0971961766632039E-004
          63   1.90000006E-04   3.8100002663955340E-004
          64   3.00000014E-04   3.8229691084397610E-004
          65   3.60000005E-04   3.9040679214986810E-004
          66   3.00000014E-04   3.9215414487543199E-004
          67   1.99999995E-04   3.8677002131847984E-004
          68   1.30000000E-04   3.8861696888486236E-004
          69   9.99999975E-06   3.9451177744795064E-004
          70  -3.99999990E-05   3.7823173654590692E-004
          71  -1.50000007E-04   3.7480664608596727E-004
          72  -2.30000005E-04   3.8181588753049959E-004
          73  -3.19999992E-04   4.0959356062591888E-004
          74  -3.00000014E-04   4.0487685596835845E-004
          75  -2.50000012E-04   4.0041266252990621E-004
          76  -2.60000001E-04   4.0168955880545167E-004
          77  -3.19999992E-04   4.1781532896583990E-004
          78  -2.69999990E-04   4.2814774448545661E-004
          79  -2.39999994E-04   3.9903188869678548E-004
          80  -2.30000005E-04   4.2099417026240270E-004
          81  -1.80000003E-04   4.2412040645021761E-004
          82  -1.99999995E-04   4.3025770494019370E-004
          83  -2.89999996E-04   4.3669454613787711E-004
          84  -3.00000014E-04   4.3863312456318422E-004
          85  -3.49999988E-04   4.2250703486632112E-004
