  0.446952015       3.4061776492839491E-004  0.553130925       3.9721468692280754E-004
  0.481540948       3.2757919422307712E-004  0.406996280       2.0245235887996944E-004
  0.491400421       3.6961407398233593E-004  0.311874479       1.3249899343425282E-004
  0.494230598       4.7320738787012931E-004  0.251263738       8.4519550282403542E-005
  0.496625870       5.4361287584704556E-004  0.210026830       6.8950268675210100E-005
  0.498038501       6.2212061513717621E-004  0.180106163       5.0400933208299562E-005
  0.497794926       6.9828114124101805E-004  0.157634869       4.6653374660403825E-005
  0.497508019       7.7255645047488546E-004  0.140061796       3.8462801500416254E-005
  0.500344992       9.0964832340211009E-004  0.126047119       3.1829561853127564E-005
  0.499726981       1.0380425103149677E-003  0.114542961       2.5926041750069634E-005
  0.499264700       1.0708148713258145E-003  0.104931951       2.4494354172026193E-005
  0.499743611       1.2120676061209445E-003   9.68393683E-02   2.0879998601570969E-005
  0.501152635       1.2944314242000566E-003   8.98964554E-02   1.8973550760879092E-005
  0.502074957       1.3037181533564922E-003   8.38648453E-02   1.7760830086807162E-005
  0.499471188       1.4188911399637598E-003   7.86284059E-02   1.5406197405224801E-005
  0.499156488       1.5108468248930776E-003   7.39623010E-02   1.4919384862602159E-005
  0.500512302       1.6558724973543624E-003   6.98375180E-02   1.3434867847135810E-005
  0.500687301       1.7045554495205260E-003   6.61339611E-02   1.1888346045658332E-005
  0.500280917       1.6354115680132766E-003   6.28067926E-02   1.1607825352236997E-005
  0.502442181       1.8721731858697139E-003   5.98294698E-02   1.1257741404556735E-005
